HRV ANALYSIS RESULTS - 14-Jan-2025 19:13:31
Kubios HRV Standard
3.5.0
released in May 2021

Analyzed by:  -  - 

File name: /Users/miyakooti/repositories/arai_MATLAB_program/csv/23_yoshikawa/ECG/rr_interval/rr_interval_yoshikawa_3_ultra.csv
Measurement date:  
File type: asciiCUSTOM
Channel label: RR data
Data length: 00:03:39 (h:min:s)
Measurement rate: - 

Parameters
 Number of samples: 1
 Detrending method: Smoothn priors (lambda: 500)
 Min/Max HR as average of: 5 beats
 Threshold for NNxx/pNNxx: 50 ms
 Frequency bands
  VLF: 0 - 0.04 Hz
  LF: 0.04 - 0.15 Hz
  HF: 0.15 - 0.4 Hz
 Interpolation rate: 4 Hz
 Points in frequency-domain: 300 points/Hz
 FFT spectrum options
  Window width: 300 s
  Window overlap: 50 %
 AR spectrum options
  AR model order: 16
  Use factorization: No
 Apply detrending for nonlinear analysis: 1
 Entropy, embedding dimension: 2
 Entropy, tolerance: 0.2 x SD
 DFA, short-term fluctuations: 4-12 beats
 DFA, long-term fluctuations: 13-64 beats

RR Interval Samples Selected for Analysis
                              ,    Sample 1,
  Sample limits (hh:mm:ss):   ,00:00:10-00:03:20,
  Sample Analysis Type: Single sample
  Beat correction: none
  Beats total:                ,         207,
  Beats corrected:            ,           -,
  Beats corrected (%):        ,           -,
  Effective data length (s):  ,         190,
  Effective data length (%):  ,      100.00,


RESULTS FOR A SINGLE SAMPLE

Results Overview              ,
  PNS index:                  ,      0.0391,            ,
  SNS index:                  ,      1.0892,            ,
  Stress index:               ,     18.4787,            ,

Time-Domain Results           ,
 Statistical parameters       ,
  Mean RR  (ms):              ,    919.5556,            ,
  SDNN (ms):                  ,     21.0206,            ,
  Mean HR (beats/min):        ,     65.2489,            ,
  SD HR (beats/min):          ,      1.4984,            ,
  Min HR (beats/min):         ,     61.9835,            ,
  Max HR (beats/min):         ,     68.9972,            ,
  RMSSD (ms):                 ,     33.0970,            ,
  NNxx (beats):               ,          32,            ,
  pNNxx (%):                  ,     15.5340,            ,
  SDANN (ms):                 ,         NaN,            ,
  SDNN index (ms):            ,         NaN,            ,
 Geometric parameters         ,
  RR tri index:               ,    6.272727,            ,
  TINN (ms):                  ,    102.0000,            ,

Frequency-Domain Results      ,FFT spectrum, AR spectrum,
 Peak frequencies             ,
  VLF (Hz):                   ,    0.033333,    0.040000,
  LF (Hz):                    ,    0.066667,    0.093333,
  HF (Hz):                    ,    0.176667,    0.150000,
 Absolute powers              ,
  VLF (ms^2):                 ,     10.3919,     19.5583,
  LF (ms^2):                  ,     76.3949,    100.5015,
  HF (ms^2):                  ,     55.0921,     57.5138,
  VLF (log):                  ,      2.3410,      2.9734,
  LF (log):                   ,      4.3359,      4.6102,
  HF (log):                   ,      4.0090,      4.0520,
 Relative powers              ,
  VLF (%):                    ,      7.3110,     10.9913,
  LF (%):                     ,     53.7455,     56.4795,
  HF (%):                     ,     38.7585,     32.3214,
 Normalized powers            ,
  LF (n.u.):                  ,     57.9847,     63.4539,
  HF (n.u.):                  ,     41.8156,     36.3126,
 Total power (ms^2):          ,    142.1419,    177.9433,
 LF/HF ratio:                 ,      1.3867,      1.7474,


Nonlinear Results             ,
 Poincare plot                ,
  SD1 (ms):                   ,   23.461132,            ,
  SD2 (ms):                   ,   17.908730,            ,
  SD2/SD1 ratio:              ,    0.763336,            ,
 Approximate entropy (ApEn):  ,      0.9052,            ,
 Sample entropy (SampEn):     ,      2.0487,            ,
 Detrended fluctuation analysis (DFA),
  alpha 1:                    ,      0.6873,            ,
  alpha 2:                    ,      0.2253,            ,


RR INTERVAL DATA and SPECTRUM ESTIMATES,
                              ,    SAMPLE 1,            ,            ,            ,            ,            ,            ,            ,            ,
                              ,     RR Data,            ,FFT spectrum,            , AR Spectrum,            ,            ,            ,            ,
                              ,        Time, RR interval,   Frequency,         PSD,   Frequency,         PSD,   VLF comp.,    LF comp.,    HF comp.,
                              ,         (s),         (s),        (Hz),   (ms^2/Hz),        (Hz),   (ms^2/Hz),   (ms^2/Hz),   (ms^2/Hz),   (ms^2/Hz),
                              ,      10.302,       0.996,       0.000,      1.9644,       0.000,    226.3839,            ,            ,            ,
                              ,      11.230,       0.928,       0.003,      3.4724,       0.003,    453.6399,            ,            ,            ,
                              ,      12.218,       0.988,       0.007,      1.5761,       0.007,    456.2664,            ,            ,            ,
                              ,      13.150,       0.932,       0.010,      8.9395,       0.010,    460.6794,            ,            ,            ,
                              ,      14.082,       0.932,       0.013,     41.2697,       0.013,    466.9323,            ,            ,            ,
                              ,      15.024,       0.942,       0.017,     70.5107,       0.017,    475.1010,            ,            ,            ,
                              ,      15.896,       0.872,       0.020,     92.2672,       0.020,    485.2846,            ,            ,            ,
                              ,      16.832,       0.936,       0.023,    164.6969,       0.023,    497.6066,            ,            ,            ,
                              ,      17.778,       0.946,       0.027,    392.0637,       0.027,    512.2155,            ,            ,            ,
                              ,      18.686,       0.908,       0.030,    780.5207,       0.030,    529.2859,            ,            ,            ,
                              ,      19.646,       0.960,       0.033,    833.0528,       0.033,    549.0186,            ,            ,            ,
                              ,      20.564,       0.918,       0.037,    451.1824,       0.037,    571.6398,            ,            ,            ,
                              ,      21.536,       0.972,       0.040,    547.0025,       0.040,    597.3986,            ,            ,            ,
                              ,      22.486,       0.950,       0.043,    723.7373,       0.043,    626.5614,            ,            ,            ,
                              ,      23.444,       0.958,       0.047,    631.1327,       0.047,    659.4023,            ,            ,            ,
                              ,      24.396,       0.952,       0.050,    999.8158,       0.050,    696.1867,            ,            ,            ,
                              ,      25.338,       0.942,       0.053,   1242.7295,       0.053,    737.1458,            ,            ,            ,
                              ,      26.278,       0.940,       0.057,    824.3603,       0.057,    782.4382,            ,            ,            ,
                              ,      27.200,       0.922,       0.060,    554.1391,       0.060,    832.0949,            ,            ,            ,
                              ,      28.122,       0.922,       0.063,   1105.6743,       0.063,    885.9437,            ,            ,            ,
                              ,      29.040,       0.918,       0.067,   2417.4123,       0.067,    943.5120,            ,            ,            ,
                              ,      29.966,       0.926,       0.070,   2060.3270,       0.070,   1003.9101,            ,            ,            ,
                              ,      30.902,       0.936,       0.073,   1095.8557,       0.073,   1065.7094,            ,            ,            ,
                              ,      31.832,       0.930,       0.077,   1762.3202,       0.077,   1126.8399,            ,            ,            ,
                              ,      32.778,       0.946,       0.080,   1398.9847,       0.080,   1184.5534,            ,            ,            ,
                              ,      33.712,       0.934,       0.083,    382.7719,       0.083,   1235.5102,            ,            ,            ,
                              ,      34.712,       1.000,       0.087,     20.9350,       0.087,   1276.0403,            ,            ,            ,
                              ,      35.662,       0.950,       0.090,     94.5297,       0.090,   1302.5967,            ,            ,            ,
                              ,      36.616,       0.954,       0.093,    368.9601,       0.093,   1312.3408,            ,            ,            ,
                              ,      37.580,       0.964,       0.097,    228.1533,       0.097,   1303.7132,            ,            ,            ,
                              ,      38.482,       0.902,       0.100,    348.8172,       0.100,   1276.8020,            ,            ,            ,
                              ,      39.458,       0.976,       0.103,    655.1084,       0.103,   1233.3632,            ,            ,            ,
                              ,      40.414,       0.956,       0.107,    233.8173,       0.107,   1176.4775,            ,            ,            ,
                              ,      41.364,       0.950,       0.110,     54.5183,       0.110,   1109.9676,            ,            ,            ,
                              ,      42.338,       0.974,       0.113,    653.1453,       0.113,   1037.7724,            ,            ,            ,
                              ,      43.254,       0.916,       0.117,   1472.2541,       0.117,    963.4464,            ,            ,            ,
                              ,      44.206,       0.952,       0.120,   1143.1079,       0.120,    889.8644,            ,            ,            ,
                              ,      45.122,       0.916,       0.123,    402.1042,       0.123,    819.1259,            ,            ,            ,
                              ,      46.052,       0.930,       0.127,    142.6622,       0.127,    752.6024,            ,            ,            ,
                              ,      46.972,       0.920,       0.130,     54.1996,       0.130,    691.0620,            ,            ,            ,
                              ,      47.890,       0.918,       0.133,    214.3736,       0.133,    634.8163,            ,            ,            ,
                              ,      48.822,       0.932,       0.137,    385.9925,       0.137,    583.8580,            ,            ,            ,
                              ,      49.728,       0.906,       0.140,    344.0227,       0.140,    537.9752,            ,            ,            ,
                              ,      50.666,       0.938,       0.143,    283.5347,       0.143,    496.8363,            ,            ,            ,
                              ,      51.586,       0.920,       0.147,    271.6166,       0.147,    460.0513,            ,            ,            ,
                              ,      52.516,       0.930,       0.150,    161.7875,       0.150,    427.2125,            ,            ,            ,
                              ,      53.446,       0.930,       0.153,     27.5714,       0.153,    397.9193,            ,            ,            ,
                              ,      54.348,       0.902,       0.157,     25.0497,       0.157,    371.7940,            ,            ,            ,
                              ,      55.286,       0.938,       0.160,    217.0800,       0.160,    348.4889,            ,            ,            ,
                              ,      56.166,       0.880,       0.163,    539.6538,       0.163,    327.6894,            ,            ,            ,
                              ,      57.098,       0.932,       0.167,    467.4957,       0.167,    309.1144,            ,            ,            ,
                              ,      57.996,       0.898,       0.170,    300.2821,       0.170,    292.5148,            ,            ,            ,
                              ,      58.900,       0.904,       0.173,    632.8069,       0.173,    277.6710,            ,            ,            ,
                              ,      59.808,       0.908,       0.177,   1060.2442,       0.177,    264.3900,            ,            ,            ,
                              ,      60.672,       0.864,       0.180,    664.5136,       0.180,    252.5028,            ,            ,            ,
                              ,      61.584,       0.912,       0.183,     56.6731,       0.183,    241.8619,            ,            ,            ,
                              ,      62.452,       0.868,       0.187,    199.1530,       0.187,    232.3379,            ,            ,            ,
                              ,      63.366,       0.914,       0.190,    662.8283,       0.190,    223.8180,            ,            ,            ,
                              ,      64.264,       0.898,       0.193,    923.4294,       0.193,    216.2036,            ,            ,            ,
                              ,      65.180,       0.916,       0.197,    929.0136,       0.197,    209.4084,            ,            ,            ,
                              ,      66.084,       0.904,       0.200,    894.0265,       0.200,    203.3569,            ,            ,            ,
                              ,      66.960,       0.876,       0.203,    754.4294,       0.203,    197.9832,            ,            ,            ,
                              ,      67.872,       0.912,       0.207,    437.0233,       0.207,    193.2291,            ,            ,            ,
                              ,      68.730,       0.858,       0.210,    245.6805,       0.210,    189.0440,            ,            ,            ,
                              ,      69.620,       0.890,       0.213,    102.3671,       0.213,    185.3831,            ,            ,            ,
                              ,      70.496,       0.876,       0.217,     23.1922,       0.217,    182.2072,            ,            ,            ,
                              ,      71.354,       0.858,       0.220,     41.3255,       0.220,    179.4816,            ,            ,            ,
                              ,      72.242,       0.888,       0.223,    178.1313,       0.223,    177.1757,            ,            ,            ,
                              ,      73.092,       0.850,       0.227,    273.5161,       0.227,    175.2625,            ,            ,            ,
                              ,      73.996,       0.904,       0.230,    147.8585,       0.230,    173.7178,            ,            ,            ,
                              ,      74.878,       0.882,       0.233,     45.4103,       0.233,    172.5202,            ,            ,            ,
                              ,      75.752,       0.874,       0.237,     30.8381,       0.237,    171.6505,            ,            ,            ,
                              ,      76.656,       0.904,       0.240,     87.8886,       0.240,    171.0912,            ,            ,            ,
                              ,      77.496,       0.840,       0.243,    105.6501,       0.243,    170.8264,            ,            ,            ,
                              ,      78.378,       0.882,       0.247,     46.4603,       0.247,    170.8415,            ,            ,            ,
                              ,      79.232,       0.854,       0.250,     20.0060,       0.250,    171.1227,            ,            ,            ,
                              ,      80.122,       0.890,       0.253,     18.4977,       0.253,    171.6571,            ,            ,            ,
                              ,      81.006,       0.884,       0.257,     59.8989,       0.257,    172.4321,            ,            ,            ,
                              ,      81.856,       0.850,       0.260,    148.9486,       0.260,    173.4355,            ,            ,            ,
                              ,      82.750,       0.894,       0.263,    163.1238,       0.263,    174.6549,            ,            ,            ,
                              ,      83.602,       0.852,       0.267,     89.7184,       0.267,    176.0781,            ,            ,            ,
                              ,      84.500,       0.898,       0.270,     48.5350,       0.270,    177.6922,            ,            ,            ,
                              ,      85.380,       0.880,       0.273,     43.5833,       0.273,    179.4841,            ,            ,            ,
                              ,      86.242,       0.862,       0.277,     18.6090,       0.277,    181.4400,            ,            ,            ,
                              ,      87.136,       0.894,       0.280,     22.1140,       0.280,    183.5458,            ,            ,            ,
                              ,      87.976,       0.840,       0.283,     84.9324,       0.283,    185.7864,            ,            ,            ,
                              ,      88.866,       0.890,       0.287,    202.3820,       0.287,    188.1463,            ,            ,            ,
                              ,      89.728,       0.862,       0.290,    313.6974,       0.290,    190.6096,            ,            ,            ,
                              ,      90.630,       0.902,       0.293,    366.5063,       0.293,    193.1599,            ,            ,            ,
                              ,      91.528,       0.898,       0.297,    378.3292,       0.297,    195.7809,            ,            ,            ,
                              ,      92.404,       0.876,       0.300,    268.2652,       0.300,    198.4564,            ,            ,            ,
                              ,      93.322,       0.918,       0.303,     86.0717,       0.303,    201.1709,            ,            ,            ,
                              ,      94.194,       0.872,       0.307,     44.9377,       0.307,    203.9099,            ,            ,            ,
                              ,      95.116,       0.922,       0.310,    141.5044,       0.310,    206.6604,            ,            ,            ,
                              ,      96.022,       0.906,       0.313,    126.9576,       0.313,    209.4115,            ,            ,            ,
                              ,      96.918,       0.896,       0.317,     56.0863,       0.317,    212.1549,            ,            ,            ,
                              ,      97.840,       0.922,       0.320,    101.2891,       0.320,    214.8854,            ,            ,            ,
                              ,      98.710,       0.870,       0.323,     63.5220,       0.323,    217.6016,            ,            ,            ,
                              ,      99.632,       0.922,       0.327,     20.3590,       0.327,    220.3063,            ,            ,            ,
                              ,     100.544,       0.912,       0.330,    143.4515,       0.330,    223.0069,            ,            ,            ,
                              ,     101.460,       0.916,       0.333,     95.7448,       0.333,    225.7156,            ,            ,            ,
                              ,     102.390,       0.930,       0.337,     68.0221,       0.337,    228.4505,            ,            ,            ,
                              ,     103.266,       0.876,       0.340,    157.8338,       0.340,    231.2351,            ,            ,            ,
                              ,     104.184,       0.918,       0.343,    236.3241,       0.343,    234.0988,            ,            ,            ,
                              ,     105.056,       0.872,       0.347,    289.0468,       0.347,    237.0773,            ,            ,            ,
                              ,     105.978,       0.922,       0.350,    133.1943,       0.350,    240.2128,            ,            ,            ,
                              ,     106.880,       0.902,       0.353,      0.2404,       0.353,    243.5546,            ,            ,            ,
                              ,     107.790,       0.910,       0.357,     50.0528,       0.357,    247.1589,            ,            ,            ,
                              ,     108.716,       0.926,       0.360,     82.9612,       0.360,    251.0902,            ,            ,            ,
                              ,     109.606,       0.890,       0.363,    111.6960,       0.363,    255.4218,            ,            ,            ,
                              ,     110.550,       0.944,       0.367,     77.5280,       0.367,    260.2372,            ,            ,            ,
                              ,     111.438,       0.888,       0.370,     89.7190,       0.370,    265.6318,            ,            ,            ,
                              ,     112.364,       0.926,       0.373,     65.7415,       0.373,    271.7149,            ,            ,            ,
                              ,     113.254,       0.890,       0.377,      7.2663,       0.377,    278.6131,            ,            ,            ,
                              ,     114.192,       0.938,       0.380,     31.0973,       0.380,    286.4736,            ,            ,            ,
                              ,     115.126,       0.934,       0.383,    167.9100,       0.383,    295.4700,            ,            ,            ,
                              ,     116.042,       0.916,       0.387,    172.3632,       0.387,    305.8084,            ,            ,            ,
                              ,     116.958,       0.916,       0.390,    271.7599,       0.390,    317.7366,            ,            ,            ,
                              ,     117.844,       0.886,       0.393,    489.8836,       0.393,    331.5561,            ,            ,            ,
                              ,     118.746,       0.902,       0.397,    553.0495,       0.397,    347.6372,            ,            ,            ,
                              ,     119.616,       0.870,       0.400,    291.5788,       0.400,    366.4412,            ,            ,            ,
                              ,     120.514,       0.898,       0.403,    100.9733,       0.403,    388.5490,            ,            ,            ,
                              ,     121.422,       0.908,       0.407,    347.3513,       0.407,    414.7021,            ,            ,            ,
                              ,     122.280,       0.858,       0.410,    201.0289,       0.410,    445.8595,            ,            ,            ,
                              ,     123.188,       0.908,       0.413,    114.1781,       0.413,    483.2790,            ,            ,            ,
                              ,     124.066,       0.878,       0.417,    184.1421,       0.417,    528.6345,            ,            ,            ,
                              ,     124.994,       0.928,       0.420,    110.6492,       0.420,    584.1894,            ,            ,            ,
                              ,     125.938,       0.944,       0.423,     89.6345,       0.423,    653.0534,            ,            ,            ,
                              ,     126.830,       0.892,       0.427,    223.7147,       0.427,    739.5702,            ,            ,            ,
                              ,     127.774,       0.944,       0.430,    651.2834,       0.430,    849.9054,            ,            ,            ,
                              ,     128.690,       0.916,       0.433,    602.1433,       0.433,    992.9318,            ,            ,            ,
                              ,     129.622,       0.932,       0.437,    151.2509,       0.437,   1181.5185,            ,            ,            ,
                              ,     130.552,       0.930,       0.440,    122.3605,       0.440,   1434.2135,            ,            ,            ,
                              ,     131.492,       0.940,       0.443,    301.9203,       0.443,   1776.6826,            ,            ,            ,
                              ,     132.428,       0.936,       0.447,    329.9344,       0.447,   2239.9111,            ,            ,            ,
                              ,     133.336,       0.908,       0.450,     92.4281,       0.450,   2845.1051,            ,            ,            ,
                              ,     134.278,       0.942,       0.453,    921.5783,       0.453,   3552.1448,            ,            ,            ,
                              ,     135.178,       0.900,       0.457,   1055.2463,       0.457,   4162.5541,            ,            ,            ,
                              ,     136.114,       0.936,       0.460,   3619.4017,       0.460,   4321.9895,            ,            ,            ,
                              ,     137.036,       0.922,       0.463,  10074.4980,       0.463,   3865.3629,            ,            ,            ,
                              ,     137.972,       0.936,       0.467,  12247.3263,       0.467,   3067.4838,            ,            ,            ,
                              ,     138.902,       0.930,       0.470,   8522.4419,       0.470,   2288.5442,            ,            ,            ,
                              ,     139.804,       0.902,       0.473,   4596.0378,       0.473,   1680.1466,            ,            ,            ,
                              ,     140.756,       0.952,       0.477,   2515.9921,       0.477,   1243.5897,            ,            ,            ,
                              ,     141.680,       0.924,       0.480,   1010.0221,       0.480,    937.2086,            ,            ,            ,
                              ,     142.626,       0.946,       0.483,    103.5668,       0.483,    721.1047,            ,            ,            ,
                              ,     143.564,       0.938,       0.487,     48.7353,       0.487,    566.2428,            ,            ,            ,
                              ,     144.470,       0.906,       0.490,    155.1133,       0.490,    453.1021,            ,            ,            ,
                              ,     145.408,       0.938,       0.493,    133.1106,       0.493,    368.8060,            ,            ,            ,
                              ,     146.290,       0.882,       0.497,    110.6000,       0.497,    304.8248,            ,            ,            ,
                              ,     147.206,       0.916,       0.500,    131.9436,       0.500,    255.4289,            ,            ,            ,
                              ,     148.094,       0.888,            ,            ,            ,            ,            ,            ,            ,
                              ,     149.022,       0.928,            ,            ,            ,            ,            ,            ,            ,
                              ,     149.950,       0.928,            ,            ,            ,            ,            ,            ,            ,
                              ,     150.874,       0.924,            ,            ,            ,            ,            ,            ,            ,
                              ,     151.830,       0.956,            ,            ,            ,            ,            ,            ,            ,
                              ,     152.766,       0.936,            ,            ,            ,            ,            ,            ,            ,
                              ,     153.722,       0.956,            ,            ,            ,            ,            ,            ,            ,
                              ,     154.670,       0.948,            ,            ,            ,            ,            ,            ,            ,
                              ,     155.632,       0.962,            ,            ,            ,            ,            ,            ,            ,
                              ,     156.556,       0.924,            ,            ,            ,            ,            ,            ,            ,
                              ,     157.498,       0.942,            ,            ,            ,            ,            ,            ,            ,
                              ,     158.462,       0.964,            ,            ,            ,            ,            ,            ,            ,
                              ,     159.384,       0.922,            ,            ,            ,            ,            ,            ,            ,
                              ,     160.358,       0.974,            ,            ,            ,            ,            ,            ,            ,
                              ,     161.270,       0.912,            ,            ,            ,            ,            ,            ,            ,
                              ,     162.222,       0.952,            ,            ,            ,            ,            ,            ,            ,
                              ,     163.150,       0.928,            ,            ,            ,            ,            ,            ,            ,
                              ,     164.098,       0.948,            ,            ,            ,            ,            ,            ,            ,
                              ,     165.040,       0.942,            ,            ,            ,            ,            ,            ,            ,
                              ,     165.934,       0.894,            ,            ,            ,            ,            ,            ,            ,
                              ,     166.900,       0.966,            ,            ,            ,            ,            ,            ,            ,
                              ,     167.850,       0.950,            ,            ,            ,            ,            ,            ,            ,
                              ,     168.818,       0.968,            ,            ,            ,            ,            ,            ,            ,
                              ,     169.792,       0.974,            ,            ,            ,            ,            ,            ,            ,
                              ,     170.736,       0.944,            ,            ,            ,            ,            ,            ,            ,
                              ,     171.690,       0.954,            ,            ,            ,            ,            ,            ,            ,
                              ,     172.616,       0.926,            ,            ,            ,            ,            ,            ,            ,
                              ,     173.544,       0.928,            ,            ,            ,            ,            ,            ,            ,
                              ,     174.454,       0.910,            ,            ,            ,            ,            ,            ,            ,
                              ,     175.374,       0.920,            ,            ,            ,            ,            ,            ,            ,
                              ,     176.310,       0.936,            ,            ,            ,            ,            ,            ,            ,
                              ,     177.230,       0.920,            ,            ,            ,            ,            ,            ,            ,
                              ,     178.170,       0.940,            ,            ,            ,            ,            ,            ,            ,
                              ,     179.104,       0.934,            ,            ,            ,            ,            ,            ,            ,
                              ,     180.088,       0.984,            ,            ,            ,            ,            ,            ,            ,
                              ,     181.026,       0.938,            ,            ,            ,            ,            ,            ,            ,
                              ,     181.978,       0.952,            ,            ,            ,            ,            ,            ,            ,
                              ,     182.968,       0.990,            ,            ,            ,            ,            ,            ,            ,
                              ,     183.896,       0.928,            ,            ,            ,            ,            ,            ,            ,
                              ,     184.836,       0.940,            ,            ,            ,            ,            ,            ,            ,
                              ,     185.758,       0.922,            ,            ,            ,            ,            ,            ,            ,
                              ,     186.682,       0.924,            ,            ,            ,            ,            ,            ,            ,
                              ,     187.616,       0.934,            ,            ,            ,            ,            ,            ,            ,
                              ,     188.538,       0.922,            ,            ,            ,            ,            ,            ,            ,
                              ,     189.476,       0.938,            ,            ,            ,            ,            ,            ,            ,
                              ,     190.382,       0.906,            ,            ,            ,            ,            ,            ,            ,
                              ,     191.302,       0.920,            ,            ,            ,            ,            ,            ,            ,
                              ,     192.224,       0.922,            ,            ,            ,            ,            ,            ,            ,
                              ,     193.152,       0.928,            ,            ,            ,            ,            ,            ,            ,
                              ,     194.080,       0.928,            ,            ,            ,            ,            ,            ,            ,
                              ,     195.000,       0.920,            ,            ,            ,            ,            ,            ,            ,
                              ,     195.930,       0.930,            ,            ,            ,            ,            ,            ,            ,
                              ,     196.862,       0.932,            ,            ,            ,            ,            ,            ,            ,
                              ,     197.816,       0.954,            ,            ,            ,            ,            ,            ,            ,
                              ,     198.728,       0.912,            ,            ,            ,            ,            ,            ,            ,
                              ,     199.654,       0.926,            ,            ,            ,            ,            ,            ,            ,


