HRV ANALYSIS RESULTS - 14-Jan-2025 19:25:38
Kubios HRV Standard
3.5.0
released in May 2021

Analyzed by:  -  - 

File name: /Users/miyakooti/repositories/arai_MATLAB_program/csv/26_yamashita/ECG/rr_interval/rr_interval_yamashita_3_ultra.csv
Measurement date:  
File type: asciiCUSTOM
Channel label: RR data
Data length: 00:03:18 (h:min:s)
Measurement rate: - 

Parameters
 Number of samples: 1
 Detrending method: Smoothn priors (lambda: 500)
 Min/Max HR as average of: 5 beats
 Threshold for NNxx/pNNxx: 50 ms
 Frequency bands
  VLF: 0 - 0.04 Hz
  LF: 0.04 - 0.15 Hz
  HF: 0.15 - 0.4 Hz
 Interpolation rate: 4 Hz
 Points in frequency-domain: 300 points/Hz
 FFT spectrum options
  Window width: 300 s
  Window overlap: 50 %
 AR spectrum options
  AR model order: 16
  Use factorization: No
 Apply detrending for nonlinear analysis: 1
 Entropy, embedding dimension: 2
 Entropy, tolerance: 0.2 x SD
 DFA, short-term fluctuations: 4-12 beats
 DFA, long-term fluctuations: 13-64 beats

RR Interval Samples Selected for Analysis
                              ,    Sample 1,
  Sample limits (hh:mm:ss):   ,00:00:08-00:03:16,
  Sample Analysis Type: Single sample
  Beat correction: none
  Beats total:                ,         217,
  Beats corrected:            ,           -,
  Beats corrected (%):        ,           -,
  Effective data length (s):  ,         188,
  Effective data length (%):  ,      100.00,


RESULTS FOR A SINGLE SAMPLE

Results Overview              ,
  PNS index:                  ,     -0.0831,            ,
  SNS index:                  ,      0.6324,            ,
  Stress index:               ,     13.1619,            ,

Time-Domain Results           ,
 Statistical parameters       ,
  Mean RR  (ms):              ,    868.4643,            ,
  SDNN (ms):                  ,     31.8818,            ,
  Mean HR (beats/min):        ,     69.0875,            ,
  SD HR (beats/min):          ,      2.6016,            ,
  Min HR (beats/min):         ,     64.7668,            ,
  Max HR (beats/min):         ,     76.3747,            ,
  RMSSD (ms):                 ,     41.6925,            ,
  NNxx (beats):               ,          65,            ,
  pNNxx (%):                  ,     30.0926,            ,
  SDANN (ms):                 ,         NaN,            ,
  SDNN index (ms):            ,         NaN,            ,
 Geometric parameters         ,
  RR tri index:               ,    6.382353,            ,
  TINN (ms):                  ,    133.0000,            ,

Frequency-Domain Results      ,FFT spectrum, AR spectrum,
 Peak frequencies             ,
  VLF (Hz):                   ,    0.023333,    0.040000,
  LF (Hz):                    ,    0.096667,    0.110000,
  HF (Hz):                    ,    0.373333,    0.376667,
 Absolute powers              ,
  VLF (ms^2):                 ,     13.8827,     28.2464,
  LF (ms^2):                  ,    416.7399,    305.3971,
  HF (ms^2):                  ,    477.5208,    488.1121,
  VLF (log):                  ,      2.6306,      3.3410,
  LF (log):                   ,      6.0325,      5.7216,
  HF (log):                   ,      6.1686,      6.1905,
 Relative powers              ,
  VLF (%):                    ,      1.5237,      3.4266,
  LF (%):                     ,     45.7384,     37.0477,
  HF (%):                     ,     52.4093,     59.2129,
 Normalized powers            ,
  LF (n.u.):                  ,     46.4461,     38.3622,
  HF (n.u.):                  ,     53.2202,     61.3139,
 Total power (ms^2):          ,    911.1379,    824.3340,
 LF/HF ratio:                 ,      0.8727,      0.6257,


Nonlinear Results             ,
 Poincare plot                ,
  SD1 (ms):                   ,   29.551912,            ,
  SD2 (ms):                   ,   33.680397,            ,
  SD2/SD1 ratio:              ,    1.139703,            ,
 Approximate entropy (ApEn):  ,      0.8262,            ,
 Sample entropy (SampEn):     ,      1.2843,            ,
 Detrended fluctuation analysis (DFA),
  alpha 1:                    ,      0.7466,            ,
  alpha 2:                    ,      0.2573,            ,


RR INTERVAL DATA and SPECTRUM ESTIMATES,
                              ,    SAMPLE 1,            ,            ,            ,            ,            ,            ,            ,            ,
                              ,     RR Data,            ,FFT spectrum,            , AR Spectrum,            ,            ,            ,            ,
                              ,        Time, RR interval,   Frequency,         PSD,   Frequency,         PSD,   VLF comp.,    LF comp.,    HF comp.,
                              ,         (s),         (s),        (Hz),   (ms^2/Hz),        (Hz),   (ms^2/Hz),   (ms^2/Hz),   (ms^2/Hz),   (ms^2/Hz),
                              ,       8.000,       0.798,       0.000,     38.2496,       0.000,    324.2209,            ,            ,            ,
                              ,       8.828,       0.828,       0.003,     34.6419,       0.003,    649.7683,            ,            ,            ,
                              ,       9.652,       0.824,       0.007,      5.4724,       0.007,    653.7679,            ,            ,            ,
                              ,      10.518,       0.866,       0.010,     22.2725,       0.010,    660.5005,            ,            ,            ,
                              ,      11.336,       0.818,       0.013,     37.8302,       0.013,    670.0685,            ,            ,            ,
                              ,      12.188,       0.852,       0.017,     41.5008,       0.017,    682.6190,            ,            ,            ,
                              ,      13.080,       0.892,       0.020,    401.8264,       0.020,    698.3485,            ,            ,            ,
                              ,      13.982,       0.902,       0.023,   1011.6445,       0.023,    717.5087,            ,            ,            ,
                              ,      14.854,       0.872,       0.027,    970.4526,       0.027,    740.4141,            ,            ,            ,
                              ,      15.748,       0.894,       0.030,    404.2391,       0.030,    767.4520,            ,            ,            ,
                              ,      16.656,       0.908,       0.033,    428.3981,       0.033,    799.0943,            ,            ,            ,
                              ,      17.556,       0.900,       0.037,    524.5001,       0.037,    835.9135,            ,            ,            ,
                              ,      18.420,       0.864,       0.040,    542.1776,       0.040,    878.6012,            ,            ,            ,
                              ,      19.318,       0.898,       0.043,   1189.2566,       0.043,    927.9912,            ,            ,            ,
                              ,      20.218,       0.900,       0.047,   1007.9635,       0.047,    985.0888,            ,            ,            ,
                              ,      21.076,       0.858,       0.050,    112.3903,       0.050,   1051.1038,            ,            ,            ,
                              ,      21.970,       0.894,       0.053,    191.9699,       0.053,   1127.4917,            ,            ,            ,
                              ,      22.904,       0.934,       0.057,    243.4621,       0.057,   1215.9998,            ,            ,            ,
                              ,      23.808,       0.904,       0.060,    127.2502,       0.060,   1318.7183,            ,            ,            ,
                              ,      24.728,       0.920,       0.063,    868.0318,       0.063,   1438.1317,            ,            ,            ,
                              ,      25.678,       0.950,       0.067,   1640.4241,       0.067,   1577.1603,            ,            ,            ,
                              ,      26.602,       0.924,       0.070,   1269.9853,       0.070,   1739.1753,            ,            ,            ,
                              ,      27.482,       0.880,       0.073,    431.2003,       0.073,   1927.9492,            ,            ,            ,
                              ,      28.368,       0.886,       0.077,     82.5915,       0.077,   2147.4851,            ,            ,            ,
                              ,      29.278,       0.910,       0.080,      1.4689,       0.080,   2401.6211,            ,            ,            ,
                              ,      30.154,       0.876,       0.083,    425.5967,       0.083,   2693.2629,            ,            ,            ,
                              ,      31.036,       0.882,       0.087,   2996.5580,       0.087,   3023.0482,            ,            ,            ,
                              ,      31.936,       0.900,       0.090,   8397.1742,       0.090,   3387.2668,            ,            ,            ,
                              ,      32.822,       0.886,       0.093,  12845.3298,       0.093,   3775.0600,            ,            ,            ,
                              ,      33.716,       0.894,       0.097,  13547.0558,       0.097,   4165.4863,            ,            ,            ,
                              ,      34.640,       0.924,       0.100,  12796.5765,       0.100,   4526.0392,            ,            ,            ,
                              ,      35.546,       0.906,       0.103,   9855.9931,       0.103,   4815.1572,            ,            ,            ,
                              ,      36.404,       0.858,       0.107,   4476.1456,       0.107,   4990.7438,            ,            ,            ,
                              ,      37.288,       0.884,       0.110,   2476.2046,       0.110,   5023.2820,            ,            ,            ,
                              ,      38.196,       0.908,       0.113,   5411.1596,       0.113,   4907.2264,            ,            ,            ,
                              ,      39.068,       0.872,       0.117,   9541.8970,       0.117,   4663.2742,            ,            ,            ,
                              ,      39.978,       0.910,       0.120,  11173.2190,       0.120,   4329.9071,            ,            ,            ,
                              ,      40.888,       0.910,       0.123,   8707.2771,       0.123,   3950.0409,            ,            ,            ,
                              ,      41.742,       0.854,       0.127,   5523.9879,       0.127,   3560.2724,            ,            ,            ,
                              ,      42.650,       0.908,       0.130,   3734.4563,       0.130,   3186.1145,            ,            ,            ,
                              ,      43.550,       0.900,       0.133,   1782.0351,       0.133,   2842.1949,            ,            ,            ,
                              ,      44.386,       0.836,       0.137,    275.4464,       0.137,   2534.8272,            ,            ,            ,
                              ,      45.280,       0.894,       0.140,    662.8512,       0.140,   2264.9468,            ,            ,            ,
                              ,      46.172,       0.892,       0.143,   1261.1258,       0.143,   2030.4789,            ,            ,            ,
                              ,      47.004,       0.832,       0.147,   1118.1585,       0.147,   1827.9431,            ,            ,            ,
                              ,      47.896,       0.892,       0.150,   1157.6739,       0.150,   1653.4197,            ,            ,            ,
                              ,      48.774,       0.878,       0.153,   1942.2615,       0.153,   1503.0737,            ,            ,            ,
                              ,      49.592,       0.818,       0.157,   2585.3617,       0.157,   1373.4033,            ,            ,            ,
                              ,      50.458,       0.866,       0.160,   2329.8709,       0.160,   1261.3325,            ,            ,            ,
                              ,      51.296,       0.838,       0.163,   1620.3033,       0.163,   1164.2190,            ,            ,            ,
                              ,      52.124,       0.828,       0.167,   1228.7138,       0.167,   1079.8234,            ,            ,            ,
                              ,      52.996,       0.872,       0.170,    964.3237,       0.170,   1006.2616,            ,            ,            ,
                              ,      53.894,       0.898,       0.173,    470.0049,       0.173,    941.9547,            ,            ,            ,
                              ,      54.770,       0.876,       0.177,    169.0456,       0.177,    885.5813,            ,            ,            ,
                              ,      55.614,       0.844,       0.180,    167.6018,       0.180,    836.0351,            ,            ,            ,
                              ,      56.510,       0.896,       0.183,    214.3121,       0.183,    792.3889,            ,            ,            ,
                              ,      57.408,       0.898,       0.187,    211.1330,       0.187,    753.8637,            ,            ,            ,
                              ,      58.266,       0.858,       0.190,    182.1790,       0.190,    719.8036,            ,            ,            ,
                              ,      59.172,       0.906,       0.193,    137.1867,       0.193,    689.6550,            ,            ,            ,
                              ,      60.044,       0.872,       0.197,    166.9228,       0.197,    662.9491,            ,            ,            ,
                              ,      60.928,       0.884,       0.200,    165.7937,       0.200,    639.2881,            ,            ,            ,
                              ,      61.820,       0.892,       0.203,     45.4703,       0.203,    618.3336,            ,            ,            ,
                              ,      62.718,       0.898,       0.207,     69.9050,       0.207,    599.7971,            ,            ,            ,
                              ,      63.558,       0.840,       0.210,     99.3521,       0.210,    583.4325,            ,            ,            ,
                              ,      64.470,       0.912,       0.213,     64.3000,       0.213,    569.0294,            ,            ,            ,
                              ,      65.374,       0.904,       0.217,     98.3554,       0.217,    556.4081,            ,            ,            ,
                              ,      66.222,       0.848,       0.220,    379.1511,       0.220,    545.4155,            ,            ,            ,
                              ,      67.124,       0.902,       0.223,    509.5854,       0.223,    535.9212,            ,            ,            ,
                              ,      68.026,       0.902,       0.227,    246.0791,       0.227,    527.8150,            ,            ,            ,
                              ,      68.870,       0.844,       0.230,      5.8252,       0.230,    521.0044,            ,            ,            ,
                              ,      69.782,       0.912,       0.233,     83.7295,       0.233,    515.4131,            ,            ,            ,
                              ,      70.684,       0.902,       0.237,    106.3686,       0.237,    510.9789,            ,            ,            ,
                              ,      71.528,       0.844,       0.240,     40.4398,       0.240,    507.6533,            ,            ,            ,
                              ,      72.430,       0.902,       0.243,     27.4914,       0.243,    505.4001,            ,            ,            ,
                              ,      73.324,       0.894,       0.247,     64.3727,       0.247,    504.1951,            ,            ,            ,
                              ,      74.170,       0.846,       0.250,    126.1932,       0.250,    504.0260,            ,            ,            ,
                              ,      75.062,       0.892,       0.253,    287.4169,       0.253,    504.8921,            ,            ,            ,
                              ,      75.950,       0.888,       0.257,    537.3480,       0.257,    506.8044,            ,            ,            ,
                              ,      76.790,       0.840,       0.260,    388.6587,       0.260,    509.7866,            ,            ,            ,
                              ,      77.668,       0.878,       0.263,     44.7036,       0.263,    513.8751,            ,            ,            ,
                              ,      78.556,       0.888,       0.267,    181.9686,       0.267,    519.1209,            ,            ,            ,
                              ,      79.386,       0.830,       0.270,    359.1166,       0.270,    525.5904,            ,            ,            ,
                              ,      80.288,       0.902,       0.273,    183.0279,       0.273,    533.3675,            ,            ,            ,
                              ,      81.186,       0.898,       0.277,     30.7217,       0.277,    542.5561,            ,            ,            ,
                              ,      82.030,       0.844,       0.280,    103.1067,       0.280,    553.2827,            ,            ,            ,
                              ,      82.940,       0.910,       0.283,     84.7621,       0.283,    565.7009,            ,            ,            ,
                              ,      83.828,       0.888,       0.287,     13.8151,       0.287,    579.9954,            ,            ,            ,
                              ,      84.656,       0.828,       0.290,     43.9160,       0.290,    596.3886,            ,            ,            ,
                              ,      85.540,       0.884,       0.293,    158.8448,       0.293,    615.1484,            ,            ,            ,
                              ,      86.408,       0.868,       0.297,    321.8759,       0.297,    636.5972,            ,            ,            ,
                              ,      87.230,       0.822,       0.300,    427.7131,       0.300,    661.1257,            ,            ,            ,
                              ,      88.118,       0.888,       0.303,    446.1522,       0.303,    689.2080,            ,            ,            ,
                              ,      89.010,       0.892,       0.307,    284.3472,       0.307,    721.4238,            ,            ,            ,
                              ,      89.844,       0.834,       0.310,     81.6224,       0.310,    758.4856,            ,            ,            ,
                              ,      90.750,       0.906,       0.313,     91.6468,       0.313,    801.2759,            ,            ,            ,
                              ,      91.658,       0.908,       0.317,     88.9961,       0.317,    850.8973,            ,            ,            ,
                              ,      92.502,       0.844,       0.320,     22.9775,       0.320,    908.7391,            ,            ,            ,
                              ,      93.386,       0.884,       0.323,    103.7002,       0.323,    976.5704,            ,            ,            ,
                              ,      94.242,       0.856,       0.327,    250.0048,       0.327,   1056.6679,            ,            ,            ,
                              ,      95.018,       0.776,       0.330,    551.2904,       0.330,   1151.9971,            ,            ,            ,
                              ,      95.844,       0.826,       0.333,    707.9122,       0.333,   1266.4699,            ,            ,            ,
                              ,      96.684,       0.840,       0.337,    324.2518,       0.337,   1405.3173,            ,            ,            ,
                              ,      97.540,       0.856,       0.340,     50.5292,       0.340,   1575.6351,            ,            ,            ,
                              ,      98.408,       0.868,       0.343,     15.5743,       0.343,   1787.1905,            ,            ,            ,
                              ,      99.290,       0.882,       0.347,     85.4260,       0.347,   2053.6224,            ,            ,            ,
                              ,     100.166,       0.876,       0.350,    419.1839,       0.350,   2394.2182,            ,            ,            ,
                              ,     101.034,       0.868,       0.353,    645.8806,       0.353,   2836.4790,            ,            ,            ,
                              ,     101.922,       0.888,       0.357,    195.7249,       0.357,   3419.5404,            ,            ,            ,
                              ,     102.776,       0.854,       0.360,    433.1622,       0.360,   4197.7073,            ,            ,            ,
                              ,     103.638,       0.862,       0.363,    908.5013,       0.363,   5240.3324,            ,            ,            ,
                              ,     104.522,       0.884,       0.367,    525.2296,       0.367,   6615.0206,            ,            ,            ,
                              ,     105.392,       0.870,       0.370,  16063.8134,       0.370,   8320.2404,            ,            ,            ,
                              ,     106.210,       0.818,       0.373,  42388.4298,       0.373,  10120.4116,            ,            ,            ,
                              ,     107.080,       0.870,       0.377,  38255.7060,       0.377,  11369.9535,            ,            ,            ,
                              ,     107.944,       0.864,       0.380,  12783.9218,       0.380,  11299.0237,            ,            ,            ,
                              ,     108.762,       0.818,       0.383,   1623.7809,       0.383,   9869.4271,            ,            ,            ,
                              ,     109.644,       0.882,       0.387,   1864.1597,       0.387,   7860.3838,            ,            ,            ,
                              ,     110.538,       0.894,       0.390,   1818.3386,       0.390,   5989.9423,            ,            ,            ,
                              ,     111.378,       0.840,       0.393,    842.7081,       0.393,   4521.1334,            ,            ,            ,
                              ,     112.276,       0.898,       0.397,   1829.9049,       0.397,   3441.9679,            ,            ,            ,
                              ,     113.168,       0.892,       0.400,   3035.3080,       0.400,   2663.1275,            ,            ,            ,
                              ,     113.996,       0.828,       0.403,   2762.5696,       0.403,   2098.6849,            ,            ,            ,
                              ,     114.894,       0.898,       0.407,   1653.1427,       0.407,   1684.0835,            ,            ,            ,
                              ,     115.774,       0.880,       0.410,    863.9167,       0.410,   1374.4081,            ,            ,            ,
                              ,     116.604,       0.830,       0.413,   1078.5487,       0.413,   1139.0787,            ,            ,            ,
                              ,     117.470,       0.866,       0.417,   1532.6596,       0.417,    957.2600,            ,            ,            ,
                              ,     118.298,       0.828,       0.420,   1490.1172,       0.420,    814.6067,            ,            ,            ,
                              ,     119.084,       0.786,       0.423,    876.1742,       0.423,    701.0974,            ,            ,            ,
                              ,     119.892,       0.808,       0.427,    357.0513,       0.427,    609.6190,            ,            ,            ,
                              ,     120.736,       0.844,       0.430,    404.0055,       0.430,    535.0410,            ,            ,            ,
                              ,     121.564,       0.828,       0.433,    518.9934,       0.433,    473.6050,            ,            ,            ,
                              ,     122.430,       0.866,       0.437,    233.8501,       0.437,    422.5174,            ,            ,            ,
                              ,     123.334,       0.904,       0.440,    104.6289,       0.440,    379.6725,            ,            ,            ,
                              ,     124.214,       0.880,       0.443,    241.3608,       0.443,    343.4632,            ,            ,            ,
                              ,     125.054,       0.840,       0.447,    147.5019,       0.447,    312.6477,            ,            ,            ,
                              ,     125.866,       0.812,       0.450,     50.0648,       0.450,    286.2563,            ,            ,            ,
                              ,     126.632,       0.766,       0.453,    276.4214,       0.453,    263.5235,            ,            ,            ,
                              ,     127.380,       0.748,       0.457,    438.4026,       0.457,    243.8392,            ,            ,            ,
                              ,     128.158,       0.778,       0.460,    217.8624,       0.460,    226.7128,            ,            ,            ,
                              ,     128.984,       0.826,       0.463,     93.8386,       0.463,    211.7462,            ,            ,            ,
                              ,     129.794,       0.810,       0.467,    294.2839,       0.467,    198.6137,            ,            ,            ,
                              ,     130.678,       0.884,       0.470,    324.5166,       0.470,    187.0468,            ,            ,            ,
                              ,     131.592,       0.914,       0.473,    142.1396,       0.473,    176.8220,            ,            ,            ,
                              ,     132.442,       0.850,       0.477,     80.1332,       0.477,    167.7518,            ,            ,            ,
                              ,     133.324,       0.882,       0.480,    177.8035,       0.480,    159.6779,            ,            ,            ,
                              ,     134.210,       0.886,       0.483,    153.3664,       0.483,    152.4648,            ,            ,            ,
                              ,     135.010,       0.800,       0.487,     30.7605,       0.487,    145.9960,            ,            ,            ,
                              ,     135.822,       0.812,       0.490,     48.5969,       0.490,    140.1700,            ,            ,            ,
                              ,     136.636,       0.814,       0.493,    125.0183,       0.493,    134.8973,            ,            ,            ,
                              ,     137.448,       0.812,       0.497,    113.7757,       0.497,    130.0983,            ,            ,            ,
                              ,     138.236,       0.788,       0.500,     34.1653,       0.500,    125.7013,            ,            ,            ,
                              ,     139.094,       0.858,            ,            ,            ,            ,            ,            ,            ,
                              ,     139.976,       0.882,            ,            ,            ,            ,            ,            ,            ,
                              ,     140.804,       0.828,            ,            ,            ,            ,            ,            ,            ,
                              ,     141.708,       0.904,            ,            ,            ,            ,            ,            ,            ,
                              ,     142.618,       0.910,            ,            ,            ,            ,            ,            ,            ,
                              ,     143.462,       0.844,            ,            ,            ,            ,            ,            ,            ,
                              ,     144.348,       0.886,            ,            ,            ,            ,            ,            ,            ,
                              ,     145.224,       0.876,            ,            ,            ,            ,            ,            ,            ,
                              ,     146.064,       0.840,            ,            ,            ,            ,            ,            ,            ,
                              ,     146.966,       0.902,            ,            ,            ,            ,            ,            ,            ,
                              ,     147.866,       0.900,            ,            ,            ,            ,            ,            ,            ,
                              ,     148.718,       0.852,            ,            ,            ,            ,            ,            ,            ,
                              ,     149.638,       0.920,            ,            ,            ,            ,            ,            ,            ,
                              ,     150.554,       0.916,            ,            ,            ,            ,            ,            ,            ,
                              ,     151.420,       0.866,            ,            ,            ,            ,            ,            ,            ,
                              ,     152.328,       0.908,            ,            ,            ,            ,            ,            ,            ,
                              ,     153.244,       0.916,            ,            ,            ,            ,            ,            ,            ,
                              ,     154.102,       0.858,            ,            ,            ,            ,            ,            ,            ,
                              ,     155.018,       0.916,            ,            ,            ,            ,            ,            ,            ,
                              ,     155.922,       0.904,            ,            ,            ,            ,            ,            ,            ,
                              ,     156.766,       0.844,            ,            ,            ,            ,            ,            ,            ,
                              ,     157.678,       0.912,            ,            ,            ,            ,            ,            ,            ,
                              ,     158.586,       0.908,            ,            ,            ,            ,            ,            ,            ,
                              ,     159.440,       0.854,            ,            ,            ,            ,            ,            ,            ,
                              ,     160.354,       0.914,            ,            ,            ,            ,            ,            ,            ,
                              ,     161.254,       0.900,            ,            ,            ,            ,            ,            ,            ,
                              ,     162.088,       0.834,            ,            ,            ,            ,            ,            ,            ,
                              ,     162.978,       0.890,            ,            ,            ,            ,            ,            ,            ,
                              ,     163.876,       0.898,            ,            ,            ,            ,            ,            ,            ,
                              ,     164.720,       0.844,            ,            ,            ,            ,            ,            ,            ,
                              ,     165.614,       0.894,            ,            ,            ,            ,            ,            ,            ,
                              ,     166.518,       0.904,            ,            ,            ,            ,            ,            ,            ,
                              ,     167.368,       0.850,            ,            ,            ,            ,            ,            ,            ,
                              ,     168.276,       0.908,            ,            ,            ,            ,            ,            ,            ,
                              ,     169.186,       0.910,            ,            ,            ,            ,            ,            ,            ,
                              ,     170.040,       0.854,            ,            ,            ,            ,            ,            ,            ,
                              ,     170.942,       0.902,            ,            ,            ,            ,            ,            ,            ,
                              ,     171.838,       0.896,            ,            ,            ,            ,            ,            ,            ,
                              ,     172.682,       0.844,            ,            ,            ,            ,            ,            ,            ,
                              ,     173.580,       0.898,            ,            ,            ,            ,            ,            ,            ,
                              ,     174.474,       0.894,            ,            ,            ,            ,            ,            ,            ,
                              ,     175.334,       0.860,            ,            ,            ,            ,            ,            ,            ,
                              ,     176.240,       0.906,            ,            ,            ,            ,            ,            ,            ,
                              ,     177.142,       0.902,            ,            ,            ,            ,            ,            ,            ,
                              ,     177.974,       0.832,            ,            ,            ,            ,            ,            ,            ,
                              ,     178.858,       0.884,            ,            ,            ,            ,            ,            ,            ,
                              ,     179.728,       0.870,            ,            ,            ,            ,            ,            ,            ,
                              ,     180.548,       0.820,            ,            ,            ,            ,            ,            ,            ,
                              ,     181.414,       0.866,            ,            ,            ,            ,            ,            ,            ,
                              ,     182.274,       0.860,            ,            ,            ,            ,            ,            ,            ,
                              ,     183.106,       0.832,            ,            ,            ,            ,            ,            ,            ,
                              ,     183.974,       0.868,            ,            ,            ,            ,            ,            ,            ,
                              ,     184.862,       0.888,            ,            ,            ,            ,            ,            ,            ,
                              ,     185.718,       0.856,            ,            ,            ,            ,            ,            ,            ,
                              ,     186.524,       0.806,            ,            ,            ,            ,            ,            ,            ,
                              ,     187.328,       0.804,            ,            ,            ,            ,            ,            ,            ,
                              ,     188.110,       0.782,            ,            ,            ,            ,            ,            ,            ,
                              ,     188.978,       0.868,            ,            ,            ,            ,            ,            ,            ,
                              ,     189.847,       0.868,            ,            ,            ,            ,            ,            ,            ,
                              ,     190.595,       0.748,            ,            ,            ,            ,            ,            ,            ,
                              ,     191.369,       0.774,            ,            ,            ,            ,            ,            ,            ,
                              ,     192.153,       0.784,            ,            ,            ,            ,            ,            ,            ,
                              ,     193.003,       0.850,            ,            ,            ,            ,            ,            ,            ,
                              ,     193.913,       0.910,            ,            ,            ,            ,            ,            ,            ,
                              ,     194.777,       0.864,            ,            ,            ,            ,            ,            ,            ,
                              ,     195.659,       0.882,            ,            ,            ,            ,            ,            ,            ,


