HRV ANALYSIS RESULTS - 23-Jun-2024 00:53:42
Kubios HRV Standard
3.5.0
released in May 2021

Analyzed by:  -  - 

File name: /Users/miyakooti/repositories/arai_MATLAB_program/csv/11_masanori/ECG/rr_interval/rr_interval_masanori_3_ultra.csv
Measurement date:  
File type: asciiCUSTOM
Channel label: RR data
Data length: 00:03:18 (h:min:s)
Measurement rate: - 

Parameters
 Number of samples: 1
 Detrending method: Smoothn priors (lambda: 500)
 Min/Max HR as average of: 5 beats
 Threshold for NNxx/pNNxx: 50 ms
 Frequency bands
  VLF: 0 - 0.04 Hz
  LF: 0.04 - 0.15 Hz
  HF: 0.15 - 0.4 Hz
 Interpolation rate: 4 Hz
 Points in frequency-domain: 300 points/Hz
 FFT spectrum options
  Window width: 300 s
  Window overlap: 50 %
 AR spectrum options
  AR model order: 16
  Use factorization: No
 Apply detrending for nonlinear analysis: 1
 Entropy, embedding dimension: 2
 Entropy, tolerance: 0.2 x SD
 DFA, short-term fluctuations: 4-12 beats
 DFA, long-term fluctuations: 13-64 beats

RR Interval Samples Selected for Analysis
                              ,    Sample 1,
  Sample limits (hh:mm:ss):   ,00:00:10-00:03:18,
  Sample Analysis Type: Single sample
  Beat correction: none
  Beats total:                ,         207,
  Beats corrected:            ,           -,
  Beats corrected (%):        ,           -,
  Effective data length (s):  ,         188,
  Effective data length (%):  ,      100.00,


RESULTS FOR A SINGLE SAMPLE

Results Overview              ,
  PNS index:                  ,      0.5756,            ,
  SNS index:                  ,     -0.0303,            ,
  Stress index:               ,     10.3533,            ,

Time-Domain Results           ,
 Statistical parameters       ,
  Mean RR  (ms):              ,    909.6329,            ,
  SDNN (ms):                  ,     42.1307,            ,
  Mean HR (beats/min):        ,     65.9607,            ,
  SD HR (beats/min):          ,      3.1550,            ,
  Min HR (beats/min):         ,     59.9281,            ,
  Max HR (beats/min):         ,     73.9645,            ,
  RMSSD (ms):                 ,     58.3507,            ,
  NNxx (beats):               ,          98,            ,
  pNNxx (%):                  ,     47.5728,            ,
  SDANN (ms):                 ,         NaN,            ,
  SDNN index (ms):            ,         NaN,            ,
 Geometric parameters         ,
  RR tri index:               ,   10.894737,            ,
  TINN (ms):                  ,    207.0000,            ,

Frequency-Domain Results      ,FFT spectrum, AR spectrum,
 Peak frequencies             ,
  VLF (Hz):                   ,    0.033333,    0.040000,
  LF (Hz):                    ,    0.103333,    0.100000,
  HF (Hz):                    ,    0.376667,    0.370000,
 Absolute powers              ,
  VLF (ms^2):                 ,     56.1709,     72.2471,
  LF (ms^2):                  ,    625.1473,    634.1709,
  HF (ms^2):                  ,    677.6726,    883.3176,
  VLF (log):                  ,      4.0284,      4.2801,
  LF (log):                   ,      6.4380,      6.4523,
  HF (log):                   ,      6.5187,      6.7837,
 Relative powers              ,
  VLF (%):                    ,      4.1259,      4.5383,
  LF (%):                     ,     45.9182,     39.8360,
  HF (%):                     ,     49.7763,     55.4863,
 Normalized powers            ,
  LF (n.u.):                  ,     47.8943,     41.7298,
  HF (n.u.):                  ,     51.9184,     58.1241,
 Total power (ms^2):          ,   1361.4365,   1591.9559,
 LF/HF ratio:                 ,      0.9225,      0.7179,


Nonlinear Results             ,
 Poincare plot                ,
  SD1 (ms):                   ,   41.361592,            ,
  SD2 (ms):                   ,   42.894797,            ,
  SD2/SD1 ratio:              ,    1.037068,            ,
 Approximate entropy (ApEn):  ,      0.9046,            ,
 Sample entropy (SampEn):     ,      1.9925,            ,
 Detrended fluctuation analysis (DFA),
  alpha 1:                    ,      0.8360,            ,
  alpha 2:                    ,      0.3714,            ,


RR INTERVAL DATA and SPECTRUM ESTIMATES,
                              ,    SAMPLE 1,            ,            ,            ,            ,            ,            ,            ,            ,
                              ,     RR Data,            ,FFT spectrum,            , AR Spectrum,            ,            ,            ,            ,
                              ,        Time, RR interval,   Frequency,         PSD,   Frequency,         PSD,   VLF comp.,    LF comp.,    HF comp.,
                              ,         (s),         (s),        (Hz),   (ms^2/Hz),        (Hz),   (ms^2/Hz),   (ms^2/Hz),   (ms^2/Hz),   (ms^2/Hz),
                              ,      10.403,       0.998,       0.000,    133.9494,       0.000,    821.4358,            ,            ,            ,
                              ,      11.357,       0.954,       0.003,    140.8984,       0.003,   1646.4839,            ,            ,            ,
                              ,      12.225,       0.868,       0.007,     27.6936,       0.007,   1657.3828,            ,            ,            ,
                              ,      13.163,       0.938,       0.010,     86.1664,       0.010,   1675.7566,            ,            ,            ,
                              ,      13.973,       0.810,       0.013,    160.4192,       0.013,   1701.9263,            ,            ,            ,
                              ,      14.843,       0.870,       0.017,    159.1533,       0.017,   1736.3567,            ,            ,            ,
                              ,      15.779,       0.936,       0.020,    723.7529,       0.020,   1779.6729,            ,            ,            ,
                              ,      16.607,       0.828,       0.023,   2082.2931,       0.023,   1832.6828,            ,            ,            ,
                              ,      17.571,       0.964,       0.027,   2764.0755,       0.027,   1896.4072,            ,            ,            ,
                              ,      18.531,       0.960,       0.030,   2817.9600,       0.030,   1972.1182,            ,            ,            ,
                              ,      19.359,       0.828,       0.033,   3431.6629,       0.033,   2061.3895,            ,            ,            ,
                              ,      20.261,       0.902,       0.037,   3251.7258,       0.037,   2166.1597,            ,            ,            ,
                              ,      21.183,       0.922,       0.040,   2323.0710,       0.040,   2288.8127,            ,            ,            ,
                              ,      22.035,       0.852,       0.043,   2205.6897,       0.043,   2432.2785,            ,            ,            ,
                              ,      22.977,       0.942,       0.047,   2192.6912,       0.047,   2600.1587,            ,            ,            ,
                              ,      23.939,       0.962,       0.050,   1174.7575,       0.050,   2796.8803,            ,            ,            ,
                              ,      24.897,       0.958,       0.053,    230.9137,       0.053,   3027.8786,            ,            ,            ,
                              ,      25.873,       0.976,       0.057,    722.1082,       0.057,   3299.8052,            ,            ,            ,
                              ,      26.765,       0.892,       0.060,   4279.4352,       0.060,   3620.7420,            ,            ,            ,
                              ,      27.755,       0.990,       0.063,   8492.7222,       0.063,   4000.3755,            ,            ,            ,
                              ,      28.751,       0.996,       0.067,   7557.6088,       0.067,   4450.0273,            ,            ,            ,
                              ,      29.647,       0.896,       0.070,   3304.1877,       0.070,   4982.3301,            ,            ,            ,
                              ,      30.609,       0.962,       0.073,   1220.5754,       0.073,   5610.1540,            ,            ,            ,
                              ,      31.545,       0.936,       0.077,   2758.5046,       0.077,   6344.0905,            ,            ,            ,
                              ,      32.435,       0.890,       0.080,   7839.4113,       0.080,   7187.4401,            ,            ,            ,
                              ,      33.363,       0.928,       0.083,  12420.8758,       0.083,   8127.4882,            ,            ,            ,
                              ,      34.273,       0.910,       0.087,  11062.6866,       0.087,   9122.7182,            ,            ,            ,
                              ,      35.169,       0.896,       0.090,   6675.0253,       0.090,  10089.0963,            ,            ,            ,
                              ,      36.101,       0.932,       0.093,   9958.9373,       0.093,  10895.6773,            ,            ,            ,
                              ,      37.013,       0.912,       0.097,  14570.3621,       0.097,  11386.0831,            ,            ,            ,
                              ,      37.907,       0.894,       0.100,  15526.3333,       0.100,  11433.5857,            ,            ,            ,
                              ,      38.863,       0.956,       0.103,  16218.7188,       0.103,  11004.9325,            ,            ,            ,
                              ,      39.755,       0.892,       0.107,  15206.1731,       0.107,  10182.4366,            ,            ,            ,
                              ,      40.679,       0.924,       0.110,   8597.8406,       0.110,   9122.4352,            ,            ,            ,
                              ,      41.607,       0.928,       0.113,   1584.5348,       0.113,   7986.1670,            ,            ,            ,
                              ,      42.439,       0.832,       0.117,     93.3692,       0.117,   6892.4673,            ,            ,            ,
                              ,      43.285,       0.846,       0.120,    938.4471,       0.120,   5907.0705,            ,            ,            ,
                              ,      44.161,       0.876,       0.123,   4689.7683,       0.123,   5054.1483,            ,            ,            ,
                              ,      44.979,       0.818,       0.127,   7759.2961,       0.127,   4332.8380,            ,            ,            ,
                              ,      45.847,       0.868,       0.130,   5751.2653,       0.130,   3730.2557,            ,            ,            ,
                              ,      46.791,       0.944,       0.133,   2247.4987,       0.133,   3229.4576,            ,            ,            ,
                              ,      47.665,       0.874,       0.137,    335.5532,       0.137,   2813.5378,            ,            ,            ,
                              ,      48.589,       0.924,       0.140,   1118.4441,       0.140,   2467.3853,            ,            ,            ,
                              ,      49.539,       0.950,       0.143,   3649.5042,       0.143,   2178.2086,            ,            ,            ,
                              ,      50.403,       0.864,       0.147,   4524.4735,       0.147,   1935.4867,            ,            ,            ,
                              ,      51.295,       0.892,       0.150,   3224.7903,       0.150,   1730.6959,            ,            ,            ,
                              ,      52.253,       0.958,       0.153,   1748.2315,       0.153,   1556.9795,            ,            ,            ,
                              ,      53.095,       0.842,       0.157,   1083.0513,       0.157,   1408.8345,            ,            ,            ,
                              ,      54.003,       0.908,       0.160,   1073.7091,       0.160,   1281.8415,            ,            ,            ,
                              ,      54.955,       0.952,       0.163,   1264.7553,       0.163,   1172.4421,            ,            ,            ,
                              ,      55.801,       0.846,       0.167,   1342.5503,       0.167,   1077.7607,            ,            ,            ,
                              ,      56.719,       0.918,       0.170,   1063.2721,       0.170,    995.4632,            ,            ,            ,
                              ,      57.681,       0.962,       0.173,    239.7671,       0.173,    923.6461,            ,            ,            ,
                              ,      58.533,       0.852,       0.177,     40.1859,       0.177,    860.7493,            ,            ,            ,
                              ,      59.457,       0.924,       0.180,    142.2799,       0.180,    805.4882,            ,            ,            ,
                              ,      60.411,       0.954,       0.183,     35.7953,       0.183,    756.7998,            ,            ,            ,
                              ,      61.269,       0.858,       0.187,     51.9400,       0.187,    713.8004,            ,            ,            ,
                              ,      62.197,       0.928,       0.190,    642.7206,       0.190,    675.7526,            ,            ,            ,
                              ,      63.173,       0.976,       0.193,   1217.7062,       0.193,    642.0381,            ,            ,            ,
                              ,      64.081,       0.908,       0.197,    699.2364,       0.197,    612.1372,            ,            ,            ,
                              ,      65.071,       0.990,       0.200,     68.8649,       0.200,    585.6113,            ,            ,            ,
                              ,      66.071,       1.000,       0.203,    109.6367,       0.203,    562.0897,            ,            ,            ,
                              ,      67.003,       0.932,       0.207,    176.9315,       0.207,    541.2585,            ,            ,            ,
                              ,      67.983,       0.980,       0.210,     13.1009,       0.210,    522.8515,            ,            ,            ,
                              ,      68.949,       0.966,       0.213,     47.8772,       0.213,    506.6434,            ,            ,            ,
                              ,      69.857,       0.908,       0.217,    130.2384,       0.217,    492.4435,            ,            ,            ,
                              ,      70.825,       0.968,       0.220,    172.0917,       0.220,    480.0914,            ,            ,            ,
                              ,      71.841,       1.016,       0.223,    157.0993,       0.223,    469.4527,            ,            ,            ,
                              ,      72.803,       0.962,       0.227,     58.0292,       0.227,    460.4163,            ,            ,            ,
                              ,      73.831,       1.028,       0.230,    140.4567,       0.230,    452.8918,            ,            ,            ,
                              ,      74.853,       1.022,       0.233,    176.9806,       0.233,    446.8074,            ,            ,            ,
                              ,      75.831,       0.978,       0.237,     10.4900,       0.237,    442.1089,            ,            ,            ,
                              ,      76.831,       1.000,       0.240,     99.2156,       0.240,    438.7582,            ,            ,            ,
                              ,      77.777,       0.946,       0.243,    382.5324,       0.243,    436.7330,            ,            ,            ,
                              ,      78.653,       0.876,       0.247,    568.2632,       0.247,    436.0263,            ,            ,            ,
                              ,      79.585,       0.932,       0.250,    467.3640,       0.250,    436.6467,            ,            ,            ,
                              ,      80.577,       0.992,       0.253,    502.7142,       0.253,    438.6188,            ,            ,            ,
                              ,      81.525,       0.948,       0.257,    550.9922,       0.257,    441.9844,            ,            ,            ,
                              ,      82.531,       1.006,       0.260,    325.8689,       0.260,    446.8033,            ,            ,            ,
                              ,      83.555,       1.024,       0.263,    109.2074,       0.263,    453.1559,            ,            ,            ,
                              ,      84.505,       0.950,       0.267,     51.3302,       0.267,    461.1451,            ,            ,            ,
                              ,      85.493,       0.988,       0.270,     68.2502,       0.270,    470.9004,            ,            ,            ,
                              ,      86.461,       0.968,       0.273,     51.4457,       0.273,    482.5816,            ,            ,            ,
                              ,      87.415,       0.954,       0.277,     75.2228,       0.277,    496.3846,            ,            ,            ,
                              ,      88.415,       1.000,       0.280,    151.8516,       0.280,    512.5484,            ,            ,            ,
                              ,      89.379,       0.964,       0.283,    191.0476,       0.283,    531.3642,            ,            ,            ,
                              ,      90.285,       0.906,       0.287,     20.9305,       0.287,    553.1871,            ,            ,            ,
                              ,      91.221,       0.936,       0.290,    143.3016,       0.290,    578.4512,            ,            ,            ,
                              ,      92.127,       0.906,       0.293,    337.0644,       0.293,    607.6898,            ,            ,            ,
                              ,      92.987,       0.860,       0.297,    379.8105,       0.297,    641.5608,            ,            ,            ,
                              ,      93.893,       0.906,       0.300,    584.4270,       0.300,    680.8822,            ,            ,            ,
                              ,      94.813,       0.920,       0.303,    903.3232,       0.303,    726.6784,            ,            ,            ,
                              ,      95.691,       0.878,       0.307,    964.6895,       0.307,    780.2444,            ,            ,            ,
                              ,      96.597,       0.906,       0.310,    721.8386,       0.310,    843.2337,            ,            ,            ,
                              ,      97.489,       0.892,       0.313,    493.0388,       0.313,    917.7819,            ,            ,            ,
                              ,      98.339,       0.850,       0.317,    109.9737,       0.317,   1006.6832,            ,            ,            ,
                              ,      99.213,       0.874,       0.320,      3.1027,       0.320,   1113.6462,            ,            ,            ,
                              ,     100.101,       0.888,       0.323,     37.9618,       0.323,   1243.6719,            ,            ,            ,
                              ,     100.993,       0.892,       0.327,    723.6505,       0.327,   1403.6272,            ,            ,            ,
                              ,     101.919,       0.926,       0.330,   1842.6948,       0.330,   1603.1319,            ,            ,            ,
                              ,     102.823,       0.904,       0.333,   2307.3332,       0.333,   1855.9714,            ,            ,            ,
                              ,     103.719,       0.896,       0.337,   3042.0886,       0.337,   2182.4094,            ,            ,            ,
                              ,     104.631,       0.912,       0.340,   6281.9022,       0.340,   2613.1000,            ,            ,            ,
                              ,     105.441,       0.810,       0.343,  11286.1381,       0.343,   3195.9283,            ,            ,            ,
                              ,     106.297,       0.856,       0.347,  11206.6229,       0.347,   4008.3915,            ,            ,            ,
                              ,     107.151,       0.854,       0.350,   2917.9577,       0.350,   5180.6920,            ,            ,            ,
                              ,     108.013,       0.862,       0.353,   4143.9053,       0.353,   6939.3882,            ,            ,            ,
                              ,     108.839,       0.826,       0.357,  18660.2030,       0.357,   9686.3121,            ,            ,            ,
                              ,     109.723,       0.884,       0.360,  14208.8011,       0.360,  14104.8830,            ,            ,            ,
                              ,     110.631,       0.908,       0.363,   2388.3213,       0.363,  21051.7763,            ,            ,            ,
                              ,     111.527,       0.896,       0.367,   8717.8650,       0.367,  29926.0514,            ,            ,            ,
                              ,     112.477,       0.950,       0.370,   7790.7856,       0.370,  34551.2908,            ,            ,            ,
                              ,     113.441,       0.964,       0.373,  10027.5112,       0.373,  29135.1714,            ,            ,            ,
                              ,     114.343,       0.902,       0.377,  28373.5174,       0.377,  20108.0988,            ,            ,            ,
                              ,     115.227,       0.884,       0.380,  25073.5931,       0.380,  13284.7413,            ,            ,            ,
                              ,     116.145,       0.918,       0.383,   5872.5890,       0.383,   9009.8906,            ,            ,            ,
                              ,     116.939,       0.794,       0.387,   2670.5235,       0.387,   6375.8366,            ,            ,            ,
                              ,     117.789,       0.850,       0.390,   6648.2681,       0.390,   4700.8105,            ,            ,            ,
                              ,     118.659,       0.870,       0.393,   4236.3439,       0.393,   3590.9712,            ,            ,            ,
                              ,     119.487,       0.828,       0.397,   1754.7578,       0.397,   2826.1377,            ,            ,            ,
                              ,     120.361,       0.874,       0.400,   2283.1297,       0.400,   2280.4490,            ,            ,            ,
                              ,     121.299,       0.938,       0.403,   3366.9504,       0.403,   1879.2990,            ,            ,            ,
                              ,     122.137,       0.838,       0.407,   3682.9369,       0.407,   1576.7521,            ,            ,            ,
                              ,     123.035,       0.898,       0.410,   2850.3519,       0.410,   1343.4982,            ,            ,            ,
                              ,     123.945,       0.910,       0.413,   1737.4906,       0.413,   1160.2221,            ,            ,            ,
                              ,     124.737,       0.792,       0.417,   1365.4669,       0.417,   1013.8231,            ,            ,            ,
                              ,     125.553,       0.816,       0.420,   1233.6871,       0.420,    895.1854,            ,            ,            ,
                              ,     126.407,       0.854,       0.423,    989.4164,       0.423,    797.8194,            ,            ,            ,
                              ,     127.177,       0.770,       0.427,    834.2298,       0.427,    717.0105,            ,            ,            ,
                              ,     128.001,       0.824,       0.430,    590.4087,       0.430,    649.2708,            ,            ,            ,
                              ,     128.863,       0.862,       0.433,    161.8617,       0.433,    591.9765,            ,            ,            ,
                              ,     129.673,       0.810,       0.437,     15.5044,       0.437,    543.1248,            ,            ,            ,
                              ,     130.551,       0.878,       0.440,     40.0286,       0.440,    501.1656,            ,            ,            ,
                              ,     131.435,       0.884,       0.443,     21.2304,       0.443,    464.8842,            ,            ,            ,
                              ,     132.289,       0.854,       0.447,     37.2837,       0.447,    433.3176,            ,            ,            ,
                              ,     133.183,       0.894,       0.450,     43.7422,       0.450,    405.6936,            ,            ,            ,
                              ,     134.117,       0.934,       0.453,     25.1021,       0.453,    381.3874,            ,            ,            ,
                              ,     134.971,       0.854,       0.457,     41.7751,       0.457,    359.8874,            ,            ,            ,
                              ,     135.871,       0.900,       0.460,    301.0565,       0.460,    340.7714,            ,            ,            ,
                              ,     136.779,       0.908,       0.463,    400.3678,       0.463,    323.6877,            ,            ,            ,
                              ,     137.593,       0.814,       0.467,    199.8250,       0.467,    308.3401,            ,            ,            ,
                              ,     138.455,       0.862,       0.470,     85.7966,       0.470,    294.4773,            ,            ,            ,
                              ,     139.329,       0.874,       0.473,     54.7633,       0.473,    281.8843,            ,            ,            ,
                              ,     140.133,       0.804,       0.477,     40.0489,       0.477,    270.3753,            ,            ,            ,
                              ,     141.007,       0.874,       0.480,     73.3725,       0.480,    259.7886,            ,            ,            ,
                              ,     141.929,       0.922,       0.483,    155.2846,       0.483,    249.9826,            ,            ,            ,
                              ,     142.809,       0.880,       0.487,    301.7722,       0.487,    240.8325,            ,            ,            ,
                              ,     143.757,       0.948,       0.490,    424.5786,       0.490,    232.2280,            ,            ,            ,
                              ,     144.737,       0.980,       0.493,    436.4704,       0.493,    224.0717,            ,            ,            ,
                              ,     145.617,       0.880,       0.497,    400.1221,       0.497,    216.2774,            ,            ,            ,
                              ,     146.537,       0.920,       0.500,    343.2375,       0.500,    208.7699,            ,            ,            ,
                              ,     147.479,       0.942,            ,            ,            ,            ,            ,            ,            ,
                              ,     148.341,       0.862,            ,            ,            ,            ,            ,            ,            ,
                              ,     149.287,       0.946,            ,            ,            ,            ,            ,            ,            ,
                              ,     150.239,       0.952,            ,            ,            ,            ,            ,            ,            ,
                              ,     151.097,       0.858,            ,            ,            ,            ,            ,            ,            ,
                              ,     152.015,       0.918,            ,            ,            ,            ,            ,            ,            ,
                              ,     152.987,       0.972,            ,            ,            ,            ,            ,            ,            ,
                              ,     153.863,       0.876,            ,            ,            ,            ,            ,            ,            ,
                              ,     154.805,       0.942,            ,            ,            ,            ,            ,            ,            ,
                              ,     155.763,       0.958,            ,            ,            ,            ,            ,            ,            ,
                              ,     156.615,       0.852,            ,            ,            ,            ,            ,            ,            ,
                              ,     157.553,       0.938,            ,            ,            ,            ,            ,            ,            ,
                              ,     158.543,       0.990,            ,            ,            ,            ,            ,            ,            ,
                              ,     159.431,       0.888,            ,            ,            ,            ,            ,            ,            ,
                              ,     160.373,       0.942,            ,            ,            ,            ,            ,            ,            ,
                              ,     161.311,       0.938,            ,            ,            ,            ,            ,            ,            ,
                              ,     162.197,       0.886,            ,            ,            ,            ,            ,            ,            ,
                              ,     163.127,       0.930,            ,            ,            ,            ,            ,            ,            ,
                              ,     164.081,       0.954,            ,            ,            ,            ,            ,            ,            ,
                              ,     165.021,       0.940,            ,            ,            ,            ,            ,            ,            ,
                              ,     165.987,       0.966,            ,            ,            ,            ,            ,            ,            ,
                              ,     166.927,       0.940,            ,            ,            ,            ,            ,            ,            ,
                              ,     167.805,       0.878,            ,            ,            ,            ,            ,            ,            ,
                              ,     168.755,       0.950,            ,            ,            ,            ,            ,            ,            ,
                              ,     169.685,       0.930,            ,            ,            ,            ,            ,            ,            ,
                              ,     170.555,       0.870,            ,            ,            ,            ,            ,            ,            ,
                              ,     171.459,       0.904,            ,            ,            ,            ,            ,            ,            ,
                              ,     172.347,       0.888,            ,            ,            ,            ,            ,            ,            ,
                              ,     173.205,       0.858,            ,            ,            ,            ,            ,            ,            ,
                              ,     174.153,       0.948,            ,            ,            ,            ,            ,            ,            ,
                              ,     175.127,       0.974,            ,            ,            ,            ,            ,            ,            ,
                              ,     176.057,       0.930,            ,            ,            ,            ,            ,            ,            ,
                              ,     177.019,       0.962,            ,            ,            ,            ,            ,            ,            ,
                              ,     177.983,       0.964,            ,            ,            ,            ,            ,            ,            ,
                              ,     178.875,       0.892,            ,            ,            ,            ,            ,            ,            ,
                              ,     179.809,       0.934,            ,            ,            ,            ,            ,            ,            ,
                              ,     180.731,       0.922,            ,            ,            ,            ,            ,            ,            ,
                              ,     181.557,       0.826,            ,            ,            ,            ,            ,            ,            ,
                              ,     182.441,       0.884,            ,            ,            ,            ,            ,            ,            ,
                              ,     183.355,       0.914,            ,            ,            ,            ,            ,            ,            ,
                              ,     184.207,       0.852,            ,            ,            ,            ,            ,            ,            ,
                              ,     185.125,       0.918,            ,            ,            ,            ,            ,            ,            ,
                              ,     186.091,       0.966,            ,            ,            ,            ,            ,            ,            ,
                              ,     186.987,       0.896,            ,            ,            ,            ,            ,            ,            ,
                              ,     187.921,       0.934,            ,            ,            ,            ,            ,            ,            ,
                              ,     188.855,       0.934,            ,            ,            ,            ,            ,            ,            ,
                              ,     189.691,       0.836,            ,            ,            ,            ,            ,            ,            ,
                              ,     190.551,       0.860,            ,            ,            ,            ,            ,            ,            ,
                              ,     191.441,       0.890,            ,            ,            ,            ,            ,            ,            ,
                              ,     192.267,       0.826,            ,            ,            ,            ,            ,            ,            ,
                              ,     193.151,       0.884,            ,            ,            ,            ,            ,            ,            ,
                              ,     194.089,       0.938,            ,            ,            ,            ,            ,            ,            ,
                              ,     194.947,       0.858,            ,            ,            ,            ,            ,            ,            ,
                              ,     195.889,       0.942,            ,            ,            ,            ,            ,            ,            ,
                              ,     196.851,       0.962,            ,            ,            ,            ,            ,            ,            ,
                              ,     197.699,       0.848,            ,            ,            ,            ,            ,            ,            ,


