HRV ANALYSIS RESULTS - 27-Jan-2025 15:47:47
Kubios HRV Standard
3.5.0
released in May 2021

Analyzed by:  -  - 

File name: /Users/miyakooti/repositories/arai_MATLAB_program/csv/29_yuito/ECG/rr_interval/rr_interval_yuito_3_ultra.csv
Measurement date:  
File type: asciiCUSTOM
Channel label: RR data
Data length: 00:03:17 (h:min:s)
Measurement rate: - 

Parameters
 Number of samples: 1
 Detrending method: Smoothn priors (lambda: 500)
 Min/Max HR as average of: 5 beats
 Threshold for NNxx/pNNxx: 50 ms
 Frequency bands
  VLF: 0 - 0.04 Hz
  LF: 0.04 - 0.15 Hz
  HF: 0.15 - 0.4 Hz
 Interpolation rate: 4 Hz
 Points in frequency-domain: 300 points/Hz
 FFT spectrum options
  Window width: 300 s
  Window overlap: 50 %
 AR spectrum options
  AR model order: 16
  Use factorization: No
 Apply detrending for nonlinear analysis: 1
 Entropy, embedding dimension: 2
 Entropy, tolerance: 0.2 x SD
 DFA, short-term fluctuations: 4-12 beats
 DFA, long-term fluctuations: 13-64 beats

RR Interval Samples Selected for Analysis
                              ,    Sample 1,
  Sample limits (hh:mm:ss):   ,00:00:07-00:03:14,
  Sample Analysis Type: Single sample
  Beat correction: none
  Beats total:                ,         211,
  Beats corrected:            ,           -,
  Beats corrected (%):        ,           -,
  Effective data length (s):  ,         187,
  Effective data length (%):  ,      100.00,


RESULTS FOR A SINGLE SAMPLE

Results Overview              ,
  PNS index:                  ,     -0.5886,            ,
  SNS index:                  ,      0.9365,            ,
  Stress index:               ,     14.8228,            ,

Time-Domain Results           ,
 Statistical parameters       ,
  Mean RR  (ms):              ,    884.5118,            ,
  SDNN (ms):                  ,     24.9193,            ,
  Mean HR (beats/min):        ,     67.8340,            ,
  SD HR (beats/min):          ,      1.9195,            ,
  Min HR (beats/min):         ,     61.3497,            ,
  Max HR (beats/min):         ,     74.4417,            ,
  RMSSD (ms):                 ,     24.8238,            ,
  NNxx (beats):               ,           2,            ,
  pNNxx (%):                  ,      0.9524,            ,
  SDANN (ms):                 ,         NaN,            ,
  SDNN index (ms):            ,         NaN,            ,
 Geometric parameters         ,
  RR tri index:               ,    7.275862,            ,
  TINN (ms):                  ,    132.0000,            ,

Frequency-Domain Results      ,FFT spectrum, AR spectrum,
 Peak frequencies             ,
  VLF (Hz):                   ,    0.040000,    0.040000,
  LF (Hz):                    ,    0.056667,    0.080000,
  HF (Hz):                    ,    0.336667,    0.400000,
 Absolute powers              ,
  VLF (ms^2):                 ,     18.9003,     49.0715,
  LF (ms^2):                  ,    705.8810,    382.8695,
  HF (ms^2):                  ,     47.4538,     86.4032,
  VLF (log):                  ,      2.9392,      3.8933,
  LF (log):                   ,      6.5594,      5.9477,
  HF (log):                   ,      3.8598,      4.4590,
 Relative powers              ,
  VLF (%):                    ,      2.4471,      9.4283,
  LF (%):                     ,     91.3945,     73.5624,
  HF (%):                     ,      6.1441,     16.6010,
 Normalized powers            ,
  LF (n.u.):                  ,     93.6871,     81.2201,
  HF (n.u.):                  ,      6.2982,     18.3292,
 Total power (ms^2):          ,    772.3454,    520.4688,
 LF/HF ratio:                 ,     14.8751,      4.4312,


Nonlinear Results             ,
 Poincare plot                ,
  SD1 (ms):                   ,   17.595122,            ,
  SD2 (ms):                   ,   30.591653,            ,
  SD2/SD1 ratio:              ,    1.738644,            ,
 Approximate entropy (ApEn):  ,      0.9990,            ,
 Sample entropy (SampEn):     ,      1.9800,            ,
 Detrended fluctuation analysis (DFA),
  alpha 1:                    ,      1.1863,            ,
  alpha 2:                    ,      0.2772,            ,


RR INTERVAL DATA and SPECTRUM ESTIMATES,
                              ,    SAMPLE 1,            ,            ,            ,            ,            ,            ,            ,            ,
                              ,     RR Data,            ,FFT spectrum,            , AR Spectrum,            ,            ,            ,            ,
                              ,        Time, RR interval,   Frequency,         PSD,   Frequency,         PSD,   VLF comp.,    LF comp.,    HF comp.,
                              ,         (s),         (s),        (Hz),   (ms^2/Hz),        (Hz),   (ms^2/Hz),   (ms^2/Hz),   (ms^2/Hz),   (ms^2/Hz),
                              ,       7.722,       0.842,       0.000,      0.0652,       0.000,    519.5862,            ,            ,            ,
                              ,       8.550,       0.828,       0.003,      0.0247,       0.003,   1042.6925,            ,            ,            ,
                              ,       9.398,       0.848,       0.007,      5.0800,       0.007,   1053.3480,            ,            ,            ,
                              ,      10.218,       0.820,       0.010,     43.7403,       0.010,   1071.4291,            ,            ,            ,
                              ,      11.070,       0.852,       0.013,    161.1852,       0.013,   1097.4372,            ,            ,            ,
                              ,      11.934,       0.864,       0.017,    380.7360,       0.017,   1132.1142,            ,            ,            ,
                              ,      12.782,       0.848,       0.020,    636.0586,       0.020,   1176.4851,            ,            ,            ,
                              ,      13.630,       0.848,       0.023,    621.6962,       0.023,   1231.9214,            ,            ,            ,
                              ,      14.480,       0.850,       0.027,    242.9400,       0.027,   1300.2287,            ,            ,            ,
                              ,      15.292,       0.812,       0.030,    189.4411,       0.030,   1383.7680,            ,            ,            ,
                              ,      16.116,       0.824,       0.033,    716.2971,       0.033,   1485.6237,            ,            ,            ,
                              ,      16.924,       0.808,       0.037,   1462.8858,       0.037,   1609.8343,            ,            ,            ,
                              ,      17.708,       0.784,       0.040,   2408.8282,       0.040,   1761.7100,            ,            ,            ,
                              ,      18.518,       0.810,       0.043,   3353.2036,       0.043,   1948.2658,            ,            ,            ,
                              ,      19.358,       0.840,       0.047,   4826.6096,       0.047,   2178.8029,            ,            ,            ,
                              ,      20.148,       0.790,       0.050,   9498.1830,       0.050,   2465.6596,            ,            ,            ,
                              ,      20.954,       0.806,       0.053,  18277.8164,       0.053,   2825.0965,            ,            ,            ,
                              ,      21.794,       0.840,       0.057,  24290.3946,       0.057,   3278.1118,            ,            ,            ,
                              ,      22.594,       0.800,       0.060,  20248.5631,       0.060,   3850.5089,            ,            ,            ,
                              ,      23.418,       0.824,       0.063,  13767.4518,       0.063,   4570.4109,            ,            ,            ,
                              ,      24.268,       0.850,       0.067,  13714.9488,       0.067,   5459.0556,            ,            ,            ,
                              ,      25.076,       0.808,       0.070,  15618.4103,       0.070,   6507.2536,            ,            ,            ,
                              ,      25.932,       0.856,       0.073,  13374.4082,       0.073,   7630.2533,            ,            ,            ,
                              ,      26.776,       0.844,       0.077,   7842.1219,       0.077,   8616.0416,            ,            ,            ,
                              ,      27.592,       0.816,       0.080,   4115.0956,       0.080,   9143.3813,            ,            ,            ,
                              ,      28.452,       0.860,       0.083,   5060.8962,       0.083,   8961.2339,            ,            ,            ,
                              ,      29.318,       0.866,       0.087,   9193.8508,       0.087,   8111.6655,            ,            ,            ,
                              ,      30.174,       0.856,       0.090,   8424.4040,       0.090,   6901.1081,            ,            ,            ,
                              ,      31.042,       0.868,       0.093,   5178.0261,       0.093,   5654.1762,            ,            ,            ,
                              ,      31.880,       0.838,       0.097,   5291.5459,       0.097,   4556.6926,            ,            ,            ,
                              ,      32.716,       0.836,       0.100,   5210.1253,       0.100,   3664.1105,            ,            ,            ,
                              ,      33.562,       0.846,       0.103,   4417.4370,       0.103,   2964.0786,            ,            ,            ,
                              ,      34.376,       0.814,       0.107,   3877.3455,       0.107,   2422.1047,            ,            ,            ,
                              ,      35.202,       0.826,       0.110,   3455.2657,       0.110,   2002.6494,            ,            ,            ,
                              ,      36.044,       0.842,       0.113,   2598.1675,       0.113,   1676.0207,            ,            ,            ,
                              ,      36.840,       0.796,       0.117,   1788.2978,       0.117,   1419.3136,            ,            ,            ,
                              ,      37.660,       0.820,       0.120,   1879.5122,       0.120,   1215.4272,            ,            ,            ,
                              ,      38.502,       0.842,       0.123,   1643.9375,       0.123,   1051.7369,            ,            ,            ,
                              ,      39.326,       0.824,       0.127,    450.0437,       0.127,    918.9268,            ,            ,            ,
                              ,      40.182,       0.856,       0.130,    223.3569,       0.130,    810.0878,            ,            ,            ,
                              ,      41.084,       0.902,       0.133,    887.9662,       0.133,    720.0544,            ,            ,            ,
                              ,      41.968,       0.884,       0.137,    397.2120,       0.137,    644.9287,            ,            ,            ,
                              ,      42.866,       0.898,       0.140,     59.4302,       0.140,    581.7395,            ,            ,            ,
                              ,      43.754,       0.888,       0.143,    759.7763,       0.143,    528.1996,            ,            ,            ,
                              ,      44.640,       0.886,       0.147,    718.7217,       0.147,    482.5309,            ,            ,            ,
                              ,      45.528,       0.888,       0.150,    266.1060,       0.150,    443.3378,            ,            ,            ,
                              ,      46.378,       0.850,       0.153,    334.6680,       0.153,    409.5152,            ,            ,            ,
                              ,      47.222,       0.844,       0.157,    274.8990,       0.157,    380.1806,            ,            ,            ,
                              ,      48.046,       0.824,       0.160,     56.3388,       0.160,    354.6234,            ,            ,            ,
                              ,      48.840,       0.794,       0.163,     40.2848,       0.163,    332.2669,            ,            ,            ,
                              ,      49.660,       0.820,       0.167,     32.1169,       0.167,    312.6401,            ,            ,            ,
                              ,      50.510,       0.850,       0.170,     49.9800,       0.170,    295.3555,            ,            ,            ,
                              ,      51.352,       0.842,       0.173,    302.9909,       0.173,    280.0923,            ,            ,            ,
                              ,      52.204,       0.852,       0.177,    214.0962,       0.177,    266.5833,            ,            ,            ,
                              ,      53.068,       0.864,       0.180,     35.7505,       0.180,    254.6048,            ,            ,            ,
                              ,      53.912,       0.844,       0.183,    696.9895,       0.183,    243.9685,            ,            ,            ,
                              ,      54.782,       0.870,       0.187,    816.1136,       0.187,    234.5151,            ,            ,            ,
                              ,      55.656,       0.874,       0.190,    209.7814,       0.190,    226.1091,            ,            ,            ,
                              ,      56.514,       0.858,       0.193,     20.1898,       0.193,    218.6349,            ,            ,            ,
                              ,      57.412,       0.898,       0.197,     21.5269,       0.197,    211.9934,            ,            ,            ,
                              ,      58.286,       0.874,       0.200,      8.8312,       0.200,    206.0991,            ,            ,            ,
                              ,      59.168,       0.882,       0.203,     13.9786,       0.203,    200.8784,            ,            ,            ,
                              ,      60.044,       0.876,       0.207,    159.3674,       0.207,    196.2671,            ,            ,            ,
                              ,      60.898,       0.854,       0.210,    352.0349,       0.210,    192.2096,            ,            ,            ,
                              ,      61.764,       0.866,       0.213,    302.5515,       0.213,    188.6572,            ,            ,            ,
                              ,      62.648,       0.884,       0.217,    137.1025,       0.217,    185.5672,            ,            ,            ,
                              ,      63.504,       0.856,       0.220,    144.5934,       0.220,    182.9019,            ,            ,            ,
                              ,      64.384,       0.880,       0.223,    190.5065,       0.223,    180.6283,            ,            ,            ,
                              ,      65.280,       0.896,       0.227,    181.6477,       0.227,    178.7170,            ,            ,            ,
                              ,      66.162,       0.882,       0.230,    141.4197,       0.230,    177.1418,            ,            ,            ,
                              ,      67.054,       0.892,       0.233,     24.4667,       0.233,    175.8798,            ,            ,            ,
                              ,      67.938,       0.884,       0.237,     53.0215,       0.237,    174.9101,            ,            ,            ,
                              ,      68.816,       0.878,       0.240,     99.3631,       0.240,    174.2144,            ,            ,            ,
                              ,      69.702,       0.886,       0.243,     20.5135,       0.243,    173.7763,            ,            ,            ,
                              ,      70.550,       0.848,       0.247,     36.8672,       0.247,    173.5813,            ,            ,            ,
                              ,      71.408,       0.858,       0.250,     26.7356,       0.250,    173.6166,            ,            ,            ,
                              ,      72.280,       0.872,       0.253,     49.1553,       0.253,    173.8711,            ,            ,            ,
                              ,      73.124,       0.844,       0.257,    190.8041,       0.257,    174.3351,            ,            ,            ,
                              ,      73.998,       0.874,       0.260,    155.3727,       0.260,    175.0009,            ,            ,            ,
                              ,      74.880,       0.882,       0.263,     26.8158,       0.263,    175.8621,            ,            ,            ,
                              ,      75.724,       0.844,       0.267,     32.9479,       0.267,    176.9141,            ,            ,            ,
                              ,      76.588,       0.864,       0.270,    123.9961,       0.270,    178.1545,            ,            ,            ,
                              ,      77.456,       0.868,       0.273,    126.4065,       0.273,    179.5826,            ,            ,            ,
                              ,      78.310,       0.854,       0.277,     45.3153,       0.277,    181.2000,            ,            ,            ,
                              ,      79.184,       0.874,       0.280,     17.5334,       0.280,    183.0108,            ,            ,            ,
                              ,      80.042,       0.858,       0.283,     90.4485,       0.283,    185.0219,            ,            ,            ,
                              ,      80.882,       0.840,       0.287,    103.5563,       0.287,    187.2433,            ,            ,            ,
                              ,      81.738,       0.856,       0.290,     18.6996,       0.290,    189.6884,            ,            ,            ,
                              ,      82.564,       0.826,       0.293,     35.2733,       0.293,    192.3745,            ,            ,            ,
                              ,      83.412,       0.848,       0.297,    178.5986,       0.297,    195.3232,            ,            ,            ,
                              ,      84.276,       0.864,       0.300,    234.2179,       0.300,    198.5613,            ,            ,            ,
                              ,      85.112,       0.836,       0.303,    110.1477,       0.303,    202.1210,            ,            ,            ,
                              ,      85.960,       0.848,       0.307,     63.6513,       0.307,    206.0411,            ,            ,            ,
                              ,      86.826,       0.866,       0.310,     62.6493,       0.310,    210.3679,            ,            ,            ,
                              ,      87.660,       0.834,       0.313,      5.6550,       0.313,    215.1564,            ,            ,            ,
                              ,      88.512,       0.852,       0.317,     42.0143,       0.317,    220.4716,            ,            ,            ,
                              ,      89.358,       0.846,       0.320,    218.2389,       0.320,    226.3905,            ,            ,            ,
                              ,      90.170,       0.812,       0.323,    443.3729,       0.323,    233.0047,            ,            ,            ,
                              ,      90.992,       0.822,       0.327,    175.8408,       0.327,    240.4227,            ,            ,            ,
                              ,      91.808,       0.816,       0.330,     99.3639,       0.330,    248.7744,            ,            ,            ,
                              ,      92.632,       0.824,       0.333,    778.3170,       0.333,    258.2154,            ,            ,            ,
                              ,      93.496,       0.864,       0.337,    974.9868,       0.337,    268.9333,            ,            ,            ,
                              ,      94.344,       0.848,       0.340,    541.2310,       0.340,    281.1561,            ,            ,            ,
                              ,      95.254,       0.910,       0.343,    235.7306,       0.343,    295.1627,            ,            ,            ,
                              ,      96.202,       0.948,       0.347,    141.7984,       0.347,    311.2970,            ,            ,            ,
                              ,      97.136,       0.934,       0.350,     54.1947,       0.350,    329.9869,            ,            ,            ,
                              ,      98.120,       0.984,       0.353,     59.7927,       0.353,    351.7696,            ,            ,            ,
                              ,      99.064,       0.944,       0.357,    115.7204,       0.357,    377.3264,            ,            ,            ,
                              ,      99.992,       0.928,       0.360,    109.9062,       0.360,    407.5292,            ,            ,            ,
                              ,     100.906,       0.914,       0.363,    263.6659,       0.363,    443.5057,            ,            ,            ,
                              ,     101.780,       0.874,       0.367,    231.7948,       0.367,    486.7281,            ,            ,            ,
                              ,     102.634,       0.854,       0.370,    104.4962,       0.370,    539.1358,            ,            ,            ,
                              ,     103.484,       0.850,       0.373,    431.2309,       0.373,    603.3005,            ,            ,            ,
                              ,     104.314,       0.830,       0.377,    839.9199,       0.377,    682.6424,            ,            ,            ,
                              ,     105.162,       0.848,       0.380,    846.9915,       0.380,    781.6884,            ,            ,            ,
                              ,     106.042,       0.880,       0.383,    486.4214,       0.383,    906.3122,            ,            ,            ,
                              ,     106.920,       0.878,       0.387,    120.6087,       0.387,   1063.7505,            ,            ,            ,
                              ,     107.848,       0.928,       0.390,     42.3635,       0.390,   1261.8171,            ,            ,            ,
                              ,     108.762,       0.914,       0.393,     43.7625,       0.393,   1505.9412,            ,            ,            ,
                              ,     109.704,       0.942,       0.397,      5.7021,       0.397,   1791.4470,            ,            ,            ,
                              ,     110.658,       0.954,       0.400,    100.2959,       0.400,   2088.7490,            ,            ,            ,
                              ,     111.608,       0.950,       0.403,    166.5557,       0.403,   2327.9118,            ,            ,            ,
                              ,     112.578,       0.970,       0.407,      3.2148,       0.407,   2411.5535,            ,            ,            ,
                              ,     113.542,       0.964,       0.410,    994.8688,       0.410,   2282.1854,            ,            ,            ,
                              ,     114.514,       0.972,       0.413,   4208.7344,       0.413,   1983.0695,            ,            ,            ,
                              ,     115.512,       0.998,       0.417,   5929.8656,       0.417,   1620.3447,            ,            ,            ,
                              ,     116.490,       0.978,       0.420,   3875.2031,       0.420,   1280.3841,            ,            ,            ,
                              ,     117.468,       0.978,       0.423,   1345.4549,       0.423,   1000.0172,            ,            ,            ,
                              ,     118.406,       0.938,       0.427,    422.7916,       0.427,    782.4302,            ,            ,            ,
                              ,     119.354,       0.948,       0.430,    368.2441,       0.430,    617.6155,            ,            ,            ,
                              ,     120.276,       0.922,       0.433,    472.5607,       0.433,    493.3860,            ,            ,            ,
                              ,     121.208,       0.932,       0.437,    289.9483,       0.437,    399.2827,            ,            ,            ,
                              ,     122.150,       0.942,       0.440,     56.7012,       0.440,    327.3069,            ,            ,            ,
                              ,     123.068,       0.918,       0.443,     14.4744,       0.443,    271.6105,            ,            ,            ,
                              ,     124.012,       0.944,       0.447,     80.0973,       0.447,    227.9835,            ,            ,            ,
                              ,     124.960,       0.948,       0.450,    198.5487,       0.450,    193.3990,            ,            ,            ,
                              ,     125.896,       0.936,       0.453,    200.7148,       0.453,    165.6687,            ,            ,            ,
                              ,     126.842,       0.946,       0.457,    132.8168,       0.457,    143.1956,            ,            ,            ,
                              ,     127.788,       0.946,       0.460,     90.1316,       0.460,    124.8021,            ,            ,            ,
                              ,     128.718,       0.930,       0.463,     60.6743,       0.463,    109.6095,            ,            ,            ,
                              ,     129.654,       0.936,       0.467,     47.7383,       0.467,     96.9550,            ,            ,            ,
                              ,     130.574,       0.920,       0.470,     52.5822,       0.470,     86.3331,            ,            ,            ,
                              ,     131.526,       0.952,       0.473,     66.3012,       0.473,     77.3541,            ,            ,            ,
                              ,     132.492,       0.966,       0.477,     52.6676,       0.477,     69.7143,            ,            ,            ,
                              ,     133.436,       0.944,       0.480,     10.4635,       0.480,     63.1754,            ,            ,            ,
                              ,     134.396,       0.960,       0.483,      0.2053,       0.483,     57.5480,            ,            ,            ,
                              ,     135.336,       0.940,       0.487,      2.5024,       0.487,     52.6811,            ,            ,            ,
                              ,     136.260,       0.924,       0.490,     42.3474,       0.490,     48.4526,            ,            ,            ,
                              ,     137.194,       0.934,       0.493,    131.0156,       0.493,     44.7636,            ,            ,            ,
                              ,     138.086,       0.892,       0.497,    190.1321,       0.497,     41.5332,            ,            ,            ,
                              ,     138.992,       0.906,       0.500,    171.4801,       0.500,     38.6949,            ,            ,            ,
                              ,     139.918,       0.926,            ,            ,            ,            ,            ,            ,            ,
                              ,     140.808,       0.890,            ,            ,            ,            ,            ,            ,            ,
                              ,     141.742,       0.934,            ,            ,            ,            ,            ,            ,            ,
                              ,     142.682,       0.940,            ,            ,            ,            ,            ,            ,            ,
                              ,     143.604,       0.922,            ,            ,            ,            ,            ,            ,            ,
                              ,     144.496,       0.892,            ,            ,            ,            ,            ,            ,            ,
                              ,     145.410,       0.914,            ,            ,            ,            ,            ,            ,            ,
                              ,     146.336,       0.926,            ,            ,            ,            ,            ,            ,            ,
                              ,     147.242,       0.906,            ,            ,            ,            ,            ,            ,            ,
                              ,     148.196,       0.954,            ,            ,            ,            ,            ,            ,            ,
                              ,     149.146,       0.950,            ,            ,            ,            ,            ,            ,            ,
                              ,     150.062,       0.916,            ,            ,            ,            ,            ,            ,            ,
                              ,     150.986,       0.924,            ,            ,            ,            ,            ,            ,            ,
                              ,     151.866,       0.880,            ,            ,            ,            ,            ,            ,            ,
                              ,     152.738,       0.872,            ,            ,            ,            ,            ,            ,            ,
                              ,     153.648,       0.910,            ,            ,            ,            ,            ,            ,            ,
                              ,     154.578,       0.930,            ,            ,            ,            ,            ,            ,            ,
                              ,     155.530,       0.952,            ,            ,            ,            ,            ,            ,            ,
                              ,     156.472,       0.942,            ,            ,            ,            ,            ,            ,            ,
                              ,     157.366,       0.894,            ,            ,            ,            ,            ,            ,            ,
                              ,     158.298,       0.932,            ,            ,            ,            ,            ,            ,            ,
                              ,     159.228,       0.930,            ,            ,            ,            ,            ,            ,            ,
                              ,     160.116,       0.888,            ,            ,            ,            ,            ,            ,            ,
                              ,     161.024,       0.908,            ,            ,            ,            ,            ,            ,            ,
                              ,     161.948,       0.924,            ,            ,            ,            ,            ,            ,            ,
                              ,     162.834,       0.886,            ,            ,            ,            ,            ,            ,            ,
                              ,     163.758,       0.924,            ,            ,            ,            ,            ,            ,            ,
                              ,     164.684,       0.926,            ,            ,            ,            ,            ,            ,            ,
                              ,     165.576,       0.892,            ,            ,            ,            ,            ,            ,            ,
                              ,     166.512,       0.936,            ,            ,            ,            ,            ,            ,            ,
                              ,     167.444,       0.932,            ,            ,            ,            ,            ,            ,            ,
                              ,     168.350,       0.906,            ,            ,            ,            ,            ,            ,            ,
                              ,     169.278,       0.928,            ,            ,            ,            ,            ,            ,            ,
                              ,     170.186,       0.908,            ,            ,            ,            ,            ,            ,            ,
                              ,     171.086,       0.900,            ,            ,            ,            ,            ,            ,            ,
                              ,     171.980,       0.894,            ,            ,            ,            ,            ,            ,            ,
                              ,     172.852,       0.872,            ,            ,            ,            ,            ,            ,            ,
                              ,     173.724,       0.872,            ,            ,            ,            ,            ,            ,            ,
                              ,     174.622,       0.898,            ,            ,            ,            ,            ,            ,            ,
                              ,     175.506,       0.884,            ,            ,            ,            ,            ,            ,            ,
                              ,     176.418,       0.912,            ,            ,            ,            ,            ,            ,            ,
                              ,     177.356,       0.938,            ,            ,            ,            ,            ,            ,            ,
                              ,     178.250,       0.894,            ,            ,            ,            ,            ,            ,            ,
                              ,     179.162,       0.912,            ,            ,            ,            ,            ,            ,            ,
                              ,     180.084,       0.922,            ,            ,            ,            ,            ,            ,            ,
                              ,     180.994,       0.910,            ,            ,            ,            ,            ,            ,            ,
                              ,     181.898,       0.904,            ,            ,            ,            ,            ,            ,            ,
                              ,     182.812,       0.914,            ,            ,            ,            ,            ,            ,            ,
                              ,     183.672,       0.860,            ,            ,            ,            ,            ,            ,            ,
                              ,     184.554,       0.882,            ,            ,            ,            ,            ,            ,            ,
                              ,     185.442,       0.888,            ,            ,            ,            ,            ,            ,            ,
                              ,     186.298,       0.856,            ,            ,            ,            ,            ,            ,            ,
                              ,     187.196,       0.898,            ,            ,            ,            ,            ,            ,            ,
                              ,     188.124,       0.928,            ,            ,            ,            ,            ,            ,            ,
                              ,     189.010,       0.886,            ,            ,            ,            ,            ,            ,            ,
                              ,     189.938,       0.928,            ,            ,            ,            ,            ,            ,            ,
                              ,     190.848,       0.910,            ,            ,            ,            ,            ,            ,            ,
                              ,     191.734,       0.886,            ,            ,            ,            ,            ,            ,            ,
                              ,     192.644,       0.910,            ,            ,            ,            ,            ,            ,            ,
                              ,     193.512,       0.868,            ,            ,            ,            ,            ,            ,            ,


