HRV ANALYSIS RESULTS - 23-Jun-2024 01:35:17
Kubios HRV Standard
3.5.0
released in May 2021

Analyzed by:  -  - 

File name: /Users/miyakooti/repositories/arai_MATLAB_program/csv/15_chizuru/ECG/rr_interval/rr_interval_chizuru_3_ultra.csv
Measurement date:  
File type: asciiCUSTOM
Channel label: RR data
Data length: 00:03:18 (h:min:s)
Measurement rate: - 

Parameters
 Number of samples: 1
 Detrending method: Smoothn priors (lambda: 500)
 Min/Max HR as average of: 5 beats
 Threshold for NNxx/pNNxx: 50 ms
 Frequency bands
  VLF: 0 - 0.04 Hz
  LF: 0.04 - 0.15 Hz
  HF: 0.15 - 0.4 Hz
 Interpolation rate: 4 Hz
 Points in frequency-domain: 300 points/Hz
 FFT spectrum options
  Window width: 300 s
  Window overlap: 50 %
 AR spectrum options
  AR model order: 16
  Use factorization: No
 Apply detrending for nonlinear analysis: 1
 Entropy, embedding dimension: 2
 Entropy, tolerance: 0.2 x SD
 DFA, short-term fluctuations: 4-12 beats
 DFA, long-term fluctuations: 13-64 beats

RR Interval Samples Selected for Analysis
                              ,    Sample 1,
  Sample limits (hh:mm:ss):   ,00:00:10-00:03:10,
  Sample Analysis Type: Single sample
  Beat correction: none
  Beats total:                ,         203,
  Beats corrected:            ,           -,
  Beats corrected (%):        ,           -,
  Effective data length (s):  ,         180,
  Effective data length (%):  ,      100.00,


RESULTS FOR A SINGLE SAMPLE

Results Overview              ,
  PNS index:                  ,      0.6347,            ,
  SNS index:                  ,      0.3226,            ,
  Stress index:               ,     13.1557,            ,

Time-Domain Results           ,
 Statistical parameters       ,
  Mean RR  (ms):              ,    890.1576,            ,
  SDNN (ms):                  ,     33.2513,            ,
  Mean HR (beats/min):        ,     67.4038,            ,
  SD HR (beats/min):          ,      2.5395,            ,
  Min HR (beats/min):         ,     62.0604,            ,
  Max HR (beats/min):         ,     72.5689,            ,
  RMSSD (ms):                 ,     57.3490,            ,
  NNxx (beats):               ,          98,            ,
  pNNxx (%):                  ,     48.5149,            ,
  SDANN (ms):                 ,         NaN,            ,
  SDNN index (ms):            ,         NaN,            ,
 Geometric parameters         ,
  RR tri index:               ,   10.150000,            ,
  TINN (ms):                  ,    151.0000,            ,

Frequency-Domain Results      ,FFT spectrum, AR spectrum,
 Peak frequencies             ,
  VLF (Hz):                   ,    0.036667,    0.040000,
  LF (Hz):                    ,    0.083333,    0.086667,
  HF (Hz):                    ,    0.306667,    0.400000,
 Absolute powers              ,
  VLF (ms^2):                 ,      8.2549,     29.1164,
  LF (ms^2):                  ,     69.8675,    101.7556,
  HF (ms^2):                  ,    150.1509,    164.8904,
  VLF (log):                  ,      2.1108,      3.3713,
  LF (log):                   ,      4.2466,      4.6226,
  HF (log):                   ,      5.0116,      5.1053,
 Relative powers              ,
  VLF (%):                    ,      3.6105,      9.7793,
  LF (%):                     ,     30.5586,     34.1766,
  HF (%):                     ,     65.6729,     55.3817,
 Normalized powers            ,
  LF (n.u.):                  ,     31.7033,     37.8811,
  HF (n.u.):                  ,     68.1328,     61.3846,
 Total power (ms^2):          ,    228.6345,    297.7347,
 LF/HF ratio:                 ,      0.4653,      0.6171,


Nonlinear Results             ,
 Poincare plot                ,
  SD1 (ms):                   ,   40.652589,            ,
  SD2 (ms):                   ,   23.789046,            ,
  SD2/SD1 ratio:              ,    0.585179,            ,
 Approximate entropy (ApEn):  ,      0.9567,            ,
 Sample entropy (SampEn):     ,      2.0627,            ,
 Detrended fluctuation analysis (DFA),
  alpha 1:                    ,      0.3243,            ,
  alpha 2:                    ,      0.1563,            ,


RR INTERVAL DATA and SPECTRUM ESTIMATES,
                              ,    SAMPLE 1,            ,            ,            ,            ,            ,            ,            ,            ,
                              ,     RR Data,            ,FFT spectrum,            , AR Spectrum,            ,            ,            ,            ,
                              ,        Time, RR interval,   Frequency,         PSD,   Frequency,         PSD,   VLF comp.,    LF comp.,    HF comp.,
                              ,         (s),         (s),        (Hz),   (ms^2/Hz),        (Hz),   (ms^2/Hz),   (ms^2/Hz),   (ms^2/Hz),   (ms^2/Hz),
                              ,      10.228,       0.956,       0.000,      2.1836,       0.000,    349.7340,            ,            ,            ,
                              ,      11.100,       0.872,       0.003,      2.8505,       0.003,    700.3609,            ,            ,            ,
                              ,      12.084,       0.984,       0.007,      0.5394,       0.007,    703.0415,            ,            ,            ,
                              ,      13.090,       1.006,       0.010,      2.4639,       0.010,    707.5147,            ,            ,            ,
                              ,      13.976,       0.886,       0.013,      7.8591,       0.013,    713.7879,            ,            ,            ,
                              ,      14.978,       1.002,       0.017,     16.1197,       0.017,    721.8698,            ,            ,            ,
                              ,      15.934,       0.956,       0.020,      6.4434,       0.020,    731.7681,            ,            ,            ,
                              ,      16.862,       0.928,       0.023,     16.5054,       0.023,    743.4871,            ,            ,            ,
                              ,      17.830,       0.968,       0.027,     19.9044,       0.027,    757.0241,            ,            ,            ,
                              ,      18.690,       0.860,       0.030,    238.9503,       0.030,    772.3649,            ,            ,            ,
                              ,      19.632,       0.942,       0.033,    944.1985,       0.033,    789.4785,            ,            ,            ,
                              ,      20.492,       0.860,       0.037,   1087.5719,       0.037,    808.3100,            ,            ,            ,
                              ,      21.406,       0.914,       0.040,    290.1084,       0.040,    828.7733,            ,            ,            ,
                              ,      22.310,       0.904,       0.043,    463.6032,       0.043,    850.7414,            ,            ,            ,
                              ,      23.230,       0.920,       0.047,   1038.3320,       0.047,    874.0371,            ,            ,            ,
                              ,      24.152,       0.922,       0.050,    413.7808,       0.050,    898.4224,            ,            ,            ,
                              ,      25.090,       0.938,       0.053,    256.8669,       0.053,    923.5881,            ,            ,            ,
                              ,      26.002,       0.912,       0.057,    894.5921,       0.057,    949.1462,            ,            ,            ,
                              ,      26.958,       0.956,       0.060,    603.5126,       0.060,    974.6240,            ,            ,            ,
                              ,      27.884,       0.926,       0.063,     71.6750,       0.063,    999.4641,            ,            ,            ,
                              ,      28.764,       0.880,       0.067,    355.6059,       0.067,   1023.0314,            ,            ,            ,
                              ,      29.688,       0.924,       0.070,    694.0027,       0.070,   1044.6298,            ,            ,            ,
                              ,      30.528,       0.840,       0.073,    747.2253,       0.073,   1063.5282,            ,            ,            ,
                              ,      31.450,       0.922,       0.077,   1012.4060,       0.077,   1078.9984,            ,            ,            ,
                              ,      32.378,       0.928,       0.080,   2031.6509,       0.080,   1090.3600,            ,            ,            ,
                              ,      33.278,       0.900,       0.083,   3062.0229,       0.083,   1097.0313,            ,            ,            ,
                              ,      34.222,       0.944,       0.087,   2341.0980,       0.087,   1098.5774,            ,            ,            ,
                              ,      35.098,       0.876,       0.090,    798.9583,       0.090,   1094.7505,            ,            ,            ,
                              ,      36.036,       0.938,       0.093,    236.0083,       0.093,   1085.5156,            ,            ,            ,
                              ,      36.968,       0.932,       0.097,    410.8796,       0.097,   1071.0559,            ,            ,            ,
                              ,      37.844,       0.876,       0.100,    583.1812,       0.100,   1051.7584,            ,            ,            ,
                              ,      38.770,       0.926,       0.103,    374.7790,       0.103,   1028.1805,            ,            ,            ,
                              ,      39.642,       0.872,       0.107,    195.3770,       0.107,   1001.0033,            ,            ,            ,
                              ,      40.586,       0.944,       0.110,    157.0204,       0.110,    970.9794,            ,            ,            ,
                              ,      41.466,       0.880,       0.113,    113.6076,       0.113,    938.8812,            ,            ,            ,
                              ,      42.390,       0.924,       0.117,    128.9380,       0.117,    905.4562,            ,            ,            ,
                              ,      43.242,       0.852,       0.120,    131.0917,       0.120,    871.3920,            ,            ,            ,
                              ,      44.184,       0.942,       0.123,    130.2417,       0.123,    837.2935,            ,            ,            ,
                              ,      45.042,       0.858,       0.127,    229.1405,       0.127,    803.6706,            ,            ,            ,
                              ,      45.960,       0.918,       0.130,    333.4552,       0.130,    770.9358,            ,            ,            ,
                              ,      46.872,       0.912,       0.133,    579.7729,       0.133,    739.4082,            ,            ,            ,
                              ,      47.744,       0.872,       0.137,    796.1400,       0.137,    709.3219,            ,            ,            ,
                              ,      48.674,       0.930,       0.140,    823.6363,       0.140,    680.8378,            ,            ,            ,
                              ,      49.530,       0.856,       0.143,    550.0188,       0.143,    654.0552,            ,            ,            ,
                              ,      50.482,       0.952,       0.147,    235.1274,       0.147,    629.0236,            ,            ,            ,
                              ,      51.360,       0.878,       0.150,     57.6036,       0.150,    605.7539,            ,            ,            ,
                              ,      52.252,       0.892,       0.153,      8.7116,       0.153,    584.2277,            ,            ,            ,
                              ,      53.192,       0.940,       0.157,     11.4621,       0.157,    564.4051,            ,            ,            ,
                              ,      54.058,       0.866,       0.160,    185.6523,       0.160,    546.2317,            ,            ,            ,
                              ,      55.008,       0.950,       0.163,    570.9813,       0.163,    529.6437,            ,            ,            ,
                              ,      55.906,       0.898,       0.167,    592.7957,       0.167,    514.5716,            ,            ,            ,
                              ,      56.844,       0.938,       0.170,    174.1438,       0.170,    500.9440,            ,            ,            ,
                              ,      57.756,       0.912,       0.173,     44.5710,       0.173,    488.6895,            ,            ,            ,
                              ,      58.656,       0.900,       0.177,    810.8110,       0.177,    477.7382,            ,            ,            ,
                              ,      59.604,       0.948,       0.180,   1711.7020,       0.180,    468.0235,            ,            ,            ,
                              ,      60.486,       0.882,       0.183,   1564.6932,       0.183,    459.4819,            ,            ,            ,
                              ,      61.432,       0.946,       0.187,    856.4781,       0.187,    452.0544,            ,            ,            ,
                              ,      62.264,       0.832,       0.190,    459.2973,       0.190,    445.6859,            ,            ,            ,
                              ,      63.154,       0.890,       0.193,    414.8656,       0.193,    440.3256,            ,            ,            ,
                              ,      64.048,       0.894,       0.197,    428.3546,       0.197,    435.9270,            ,            ,            ,
                              ,      64.870,       0.822,       0.200,    231.3714,       0.200,    432.4473,            ,            ,            ,
                              ,      65.790,       0.920,       0.203,     70.1977,       0.203,    429.8472,            ,            ,            ,
                              ,      66.678,       0.888,       0.207,    176.5345,       0.207,    428.0909,            ,            ,            ,
                              ,      67.520,       0.842,       0.210,    265.7122,       0.210,    427.1451,            ,            ,            ,
                              ,      68.444,       0.924,       0.213,    177.1603,       0.213,    426.9792,            ,            ,            ,
                              ,      69.288,       0.844,       0.217,    228.6413,       0.217,    427.5643,            ,            ,            ,
                              ,      70.208,       0.920,       0.220,    789.2561,       0.220,    428.8730,            ,            ,            ,
                              ,      71.098,       0.890,       0.223,   1252.5673,       0.223,    430.8787,            ,            ,            ,
                              ,      71.962,       0.864,       0.227,   1125.6729,       0.227,    433.5555,            ,            ,            ,
                              ,      72.892,       0.930,       0.230,    943.0323,       0.230,    436.8771,            ,            ,            ,
                              ,      73.734,       0.842,       0.233,   1143.2773,       0.233,    440.8168,            ,            ,            ,
                              ,      74.640,       0.906,       0.237,   1643.9798,       0.237,    445.3468,            ,            ,            ,
                              ,      75.506,       0.866,       0.240,   1793.4663,       0.240,    450.4379,            ,            ,            ,
                              ,      76.368,       0.862,       0.243,   1582.1643,       0.243,    456.0586,            ,            ,            ,
                              ,      77.284,       0.916,       0.247,   1477.8290,       0.247,    462.1757,            ,            ,            ,
                              ,      78.120,       0.836,       0.250,    952.6002,       0.250,    468.7533,            ,            ,            ,
                              ,      79.012,       0.892,       0.253,    243.4862,       0.253,    475.7529,            ,            ,            ,
                              ,      79.914,       0.902,       0.257,      8.4066,       0.257,    483.1337,            ,            ,            ,
                              ,      80.742,       0.828,       0.260,     27.4255,       0.260,    490.8527,            ,            ,            ,
                              ,      81.668,       0.926,       0.263,    254.3026,       0.263,    498.8649,            ,            ,            ,
                              ,      82.550,       0.882,       0.267,    572.3379,       0.267,    507.1243,            ,            ,            ,
                              ,      83.428,       0.878,       0.270,    539.4925,       0.270,    515.5847,            ,            ,            ,
                              ,      84.340,       0.912,       0.273,    311.1454,       0.273,    524.2007,            ,            ,            ,
                              ,      85.176,       0.836,       0.277,    130.2380,       0.277,    532.9290,            ,            ,            ,
                              ,      86.096,       0.920,       0.280,     11.9609,       0.280,    541.7298,            ,            ,            ,
                              ,      86.960,       0.864,       0.283,      4.9838,       0.283,    550.5686,            ,            ,            ,
                              ,      87.832,       0.872,       0.287,      4.3497,       0.287,    559.4177,            ,            ,            ,
                              ,      88.746,       0.914,       0.290,     88.1776,       0.290,    568.2577,            ,            ,            ,
                              ,      89.586,       0.840,       0.293,    148.9868,       0.293,    577.0793,            ,            ,            ,
                              ,      90.490,       0.904,       0.297,     72.2348,       0.297,    585.8849,            ,            ,            ,
                              ,      91.344,       0.854,       0.300,    729.2934,       0.300,    594.6893,            ,            ,            ,
                              ,      92.202,       0.858,       0.303,   2577.5306,       0.303,    603.5213,            ,            ,            ,
                              ,      93.110,       0.908,       0.307,   3738.1942,       0.307,    612.4245,            ,            ,            ,
                              ,      93.956,       0.846,       0.310,   2558.5130,       0.310,    621.4576,            ,            ,            ,
                              ,      94.888,       0.932,       0.313,    866.0539,       0.313,    630.6950,            ,            ,            ,
                              ,      95.808,       0.920,       0.317,    575.0870,       0.317,    640.2273,            ,            ,            ,
                              ,      96.690,       0.882,       0.320,    718.1530,       0.320,    650.1616,            ,            ,            ,
                              ,      97.600,       0.910,       0.323,    390.1955,       0.323,    660.6216,            ,            ,            ,
                              ,      98.432,       0.832,       0.327,     62.3948,       0.327,    671.7486,            ,            ,            ,
                              ,      99.316,       0.884,       0.330,     60.5769,       0.330,    683.7021,            ,            ,            ,
                              ,     100.230,       0.914,       0.333,    210.1457,       0.333,    696.6613,            ,            ,            ,
                              ,     101.060,       0.830,       0.337,    282.0593,       0.337,    710.8270,            ,            ,            ,
                              ,     101.950,       0.890,       0.340,    143.1711,       0.340,    726.4246,            ,            ,            ,
                              ,     102.802,       0.852,       0.343,      9.3473,       0.343,    743.7074,            ,            ,            ,
                              ,     103.678,       0.876,       0.347,      5.2772,       0.347,    762.9618,            ,            ,            ,
                              ,     104.600,       0.922,       0.350,     22.3988,       0.350,    784.5135,            ,            ,            ,
                              ,     105.456,       0.856,       0.353,    123.4088,       0.353,    808.7358,            ,            ,            ,
                              ,     106.378,       0.922,       0.357,    350.2150,       0.357,    836.0596,            ,            ,            ,
                              ,     107.226,       0.848,       0.360,    478.1863,       0.360,    866.9875,            ,            ,            ,
                              ,     108.138,       0.912,       0.363,    221.8699,       0.363,    902.1099,            ,            ,            ,
                              ,     109.074,       0.936,       0.367,     77.9770,       0.367,    942.1272,            ,            ,            ,
                              ,     109.934,       0.860,       0.370,    719.8430,       0.370,    987.8774,            ,            ,            ,
                              ,     110.856,       0.922,       0.373,   1581.9080,       0.373,   1040.3724,            ,            ,            ,
                              ,     111.722,       0.866,       0.377,   1441.0859,       0.377,   1100.8448,            ,            ,            ,
                              ,     112.668,       0.946,       0.380,    571.7861,       0.380,   1170.8096,            ,            ,            ,
                              ,     113.520,       0.852,       0.383,    226.3796,       0.383,   1252.1458,            ,            ,            ,
                              ,     114.416,       0.896,       0.387,    289.7066,       0.387,   1347.2049,            ,            ,            ,
                              ,     115.308,       0.892,       0.390,    420.7410,       0.390,   1458.9571,            ,            ,            ,
                              ,     116.220,       0.912,       0.393,    692.0436,       0.393,   1591.1883,            ,            ,            ,
                              ,     117.152,       0.932,       0.397,    626.2454,       0.397,   1748.7685,            ,            ,            ,
                              ,     118.020,       0.868,       0.400,    297.0004,       0.400,   1938.0156,            ,            ,            ,
                              ,     118.974,       0.954,       0.403,    725.0255,       0.403,   2167.1892,            ,            ,            ,
                              ,     119.820,       0.846,       0.407,    964.4782,       0.407,   2447.1497,            ,            ,            ,
                              ,     120.752,       0.932,       0.410,    246.7883,       0.410,   2792.2091,            ,            ,            ,
                              ,     121.644,       0.892,       0.413,    247.8635,       0.413,   3221.1466,            ,            ,            ,
                              ,     122.562,       0.918,       0.417,   2165.6331,       0.417,   3758.1971,            ,            ,            ,
                              ,     123.436,       0.874,       0.420,   2830.0368,       0.420,   4433.3728,            ,            ,            ,
                              ,     124.294,       0.858,       0.423,   3025.8450,       0.423,   5280.4059,            ,            ,            ,
                              ,     125.222,       0.928,       0.427,   7340.1379,       0.427,   6328.3448,            ,            ,            ,
                              ,     126.130,       0.908,       0.430,  11926.8910,       0.430,   7579.2846,            ,            ,            ,
                              ,     126.990,       0.860,       0.433,  14816.6349,       0.433,   8963.4219,            ,            ,            ,
                              ,     127.942,       0.952,       0.437,  11139.8925,       0.437,  10278.6891,            ,            ,            ,
                              ,     128.788,       0.846,       0.440,   5354.5934,       0.440,  11177.8939,            ,            ,            ,
                              ,     129.690,       0.902,       0.443,  10706.8710,       0.443,  11313.2208,            ,            ,            ,
                              ,     130.590,       0.900,       0.447,  19889.2698,       0.447,  10600.3138,            ,            ,            ,
                              ,     131.446,       0.856,       0.450,  21064.6253,       0.450,   9302.0053,            ,            ,            ,
                              ,     132.398,       0.952,       0.453,  16656.1860,       0.453,   7809.6451,            ,            ,            ,
                              ,     133.270,       0.872,       0.457,  10321.9205,       0.457,   6407.5728,            ,            ,            ,
                              ,     134.134,       0.864,       0.460,   3398.2827,       0.460,   5219.1194,            ,            ,            ,
                              ,     135.048,       0.914,       0.463,    973.2833,       0.463,   4261.6811,            ,            ,            ,
                              ,     135.898,       0.850,       0.467,   4098.3592,       0.467,   3507.0720,            ,            ,            ,
                              ,     136.792,       0.894,       0.470,   5783.2995,       0.470,   2915.8514,            ,            ,            ,
                              ,     137.734,       0.942,       0.473,   2940.1269,       0.473,   2451.4153,            ,            ,            ,
                              ,     138.620,       0.886,       0.477,    505.2177,       0.477,   2083.9831,            ,            ,            ,
                              ,     139.538,       0.918,       0.480,   1348.8854,       0.480,   1790.6113,            ,            ,            ,
                              ,     140.406,       0.868,       0.483,   2701.4171,       0.483,   1554.0177,            ,            ,            ,
                              ,     141.330,       0.924,       0.487,   2241.8174,       0.487,   1361.2748,            ,            ,            ,
                              ,     142.272,       0.942,       0.490,   1045.1846,       0.490,   1202.7013,            ,            ,            ,
                              ,     143.116,       0.844,       0.493,   1005.3721,       0.493,   1071.0079,            ,            ,            ,
                              ,     144.066,       0.950,       0.497,   1866.6188,       0.497,    960.6631,            ,            ,            ,
                              ,     144.986,       0.920,       0.500,   2136.3279,       0.500,    867.4327,            ,            ,            ,
                              ,     145.856,       0.870,            ,            ,            ,            ,            ,            ,            ,
                              ,     146.762,       0.906,            ,            ,            ,            ,            ,            ,            ,
                              ,     147.608,       0.846,            ,            ,            ,            ,            ,            ,            ,
                              ,     148.516,       0.908,            ,            ,            ,            ,            ,            ,            ,
                              ,     149.412,       0.896,            ,            ,            ,            ,            ,            ,            ,
                              ,     150.244,       0.832,            ,            ,            ,            ,            ,            ,            ,
                              ,     151.148,       0.904,            ,            ,            ,            ,            ,            ,            ,
                              ,     151.988,       0.840,            ,            ,            ,            ,            ,            ,            ,
                              ,     152.842,       0.854,            ,            ,            ,            ,            ,            ,            ,
                              ,     153.758,       0.916,            ,            ,            ,            ,            ,            ,            ,
                              ,     154.598,       0.840,            ,            ,            ,            ,            ,            ,            ,
                              ,     155.488,       0.890,            ,            ,            ,            ,            ,            ,            ,
                              ,     156.358,       0.870,            ,            ,            ,            ,            ,            ,            ,
                              ,     157.222,       0.864,            ,            ,            ,            ,            ,            ,            ,
                              ,     158.118,       0.896,            ,            ,            ,            ,            ,            ,            ,
                              ,     158.956,       0.838,            ,            ,            ,            ,            ,            ,            ,
                              ,     159.842,       0.886,            ,            ,            ,            ,            ,            ,            ,
                              ,     160.752,       0.910,            ,            ,            ,            ,            ,            ,            ,
                              ,     161.590,       0.838,            ,            ,            ,            ,            ,            ,            ,
                              ,     162.510,       0.920,            ,            ,            ,            ,            ,            ,            ,
                              ,     163.388,       0.878,            ,            ,            ,            ,            ,            ,            ,
                              ,     164.228,       0.840,            ,            ,            ,            ,            ,            ,            ,
                              ,     165.134,       0.906,            ,            ,            ,            ,            ,            ,            ,
                              ,     165.988,       0.854,            ,            ,            ,            ,            ,            ,            ,
                              ,     166.884,       0.896,            ,            ,            ,            ,            ,            ,            ,
                              ,     167.788,       0.904,            ,            ,            ,            ,            ,            ,            ,
                              ,     168.634,       0.846,            ,            ,            ,            ,            ,            ,            ,
                              ,     169.528,       0.894,            ,            ,            ,            ,            ,            ,            ,
                              ,     170.394,       0.866,            ,            ,            ,            ,            ,            ,            ,
                              ,     171.216,       0.822,            ,            ,            ,            ,            ,            ,            ,
                              ,     172.088,       0.872,            ,            ,            ,            ,            ,            ,            ,
                              ,     172.928,       0.840,            ,            ,            ,            ,            ,            ,            ,
                              ,     173.758,       0.830,            ,            ,            ,            ,            ,            ,            ,
                              ,     174.650,       0.892,            ,            ,            ,            ,            ,            ,            ,
                              ,     175.498,       0.848,            ,            ,            ,            ,            ,            ,            ,
                              ,     176.354,       0.856,            ,            ,            ,            ,            ,            ,            ,
                              ,     177.254,       0.900,            ,            ,            ,            ,            ,            ,            ,
                              ,     178.118,       0.864,            ,            ,            ,            ,            ,            ,            ,
                              ,     178.972,       0.854,            ,            ,            ,            ,            ,            ,            ,
                              ,     179.834,       0.862,            ,            ,            ,            ,            ,            ,            ,
                              ,     180.658,       0.824,            ,            ,            ,            ,            ,            ,            ,
                              ,     181.466,       0.808,            ,            ,            ,            ,            ,            ,            ,
                              ,     182.320,       0.854,            ,            ,            ,            ,            ,            ,            ,
                              ,     183.142,       0.822,            ,            ,            ,            ,            ,            ,            ,
                              ,     183.968,       0.826,            ,            ,            ,            ,            ,            ,            ,
                              ,     184.796,       0.828,            ,            ,            ,            ,            ,            ,            ,
                              ,     185.610,       0.814,            ,            ,            ,            ,            ,            ,            ,
                              ,     186.474,       0.864,            ,            ,            ,            ,            ,            ,            ,
                              ,     187.310,       0.836,            ,            ,            ,            ,            ,            ,            ,
                              ,     188.222,       0.912,            ,            ,            ,            ,            ,            ,            ,
                              ,     189.088,       0.866,            ,            ,            ,            ,            ,            ,            ,
                              ,     189.974,       0.886,            ,            ,            ,            ,            ,            ,            ,


